0.997843
0.976059
0.875556
0.70444
0.476511
0.210152
-0.0731562
-0.350564
-0.599699
-0.800469
-0.936681
-0.99735
-0.977584
-0.878975
-0.709478
-0.482762
-0.217111
0.0660497
0.343884
0.593983
0.796179
0.934162
0.996807
0.979059
0.88235
0.71448
0.488988
0.224059
-0.0589398
-0.337186
-0.588237
-0.791848
-0.931597
-0.996212
-0.980484
-0.88568
-0.719446
-0.49519
-0.230996
0.051827
0.33047
0.582462
0.787477
0.928984
0.995568
0.98186
0.888965
0.724376
0.501366
0.237921
-0.0447115
-0.323739
-0.576656
-0.783067
-0.926323
-0.994872
-0.983185
-0.892205
-0.729269
-0.507517
-0.244835
0.0375938
0.31699
0.570822
0.778616
0.923616
0.994127
0.984461
0.8954
0.734124
0.513642
0.251735
-0.0304741
-0.310226
-0.564958
-0.774126
-0.920862
-0.99333
-0.985687
-0.898549
-0.738943
-0.519742
-0.258623
0.0233529
0.303446
0.559066
0.769597
0.918061
0.992484
0.986863
0.901653
0.743724
0.525814
0.265498
-0.0162305
-0.29665
-0.553145
-0.765029
-0.915214
-0.991587
-0.987989
-0.90471
-0.748467
-0.53186
-0.272359
0.00910733
0.28984
0.547196
0.760422
0.91232
0.99064
0.989065
0.907722
0.753172
0.53788
0.279207
-0.00198366
-0.283014
-0.54122
-0.755776
-0.90938
-0.989642
-0.99009
-0.910688
-0.757839
-0.543871
-0.28604
-0.0051401
0.276175
0.535216
0.751092
0.906393
0.988594
0.991066
0.913608
0.762468
0.549836
0.292859
0.0122636
-0.269321
-0.529185
-0.74637
-0.903361
-0.987496
-0.991991
-0.916481
-0.767058
-0.555772
-0.299663
-0.0193865
0.262454
0.523127
0.74161
0.900283
0.986348
0.992865
0.919308
0.771609
0.56168
0.306452
0.0265084
-0.255573
-0.517042
-0.736813
-0.897159
-0.98515
-0.993689
-0.922088
-0.776121
-0.56756
-0.313225
-0.033629
0.248679
0.510932
0.731977
0.89399
0.983902
0.994463
0.924821
0.780593
0.57341
0.319982
0.0407478
-0.241773
-0.504795
-0.727105
-0.890775
-0.982604
-0.995187
-0.927508
-0.785026
-0.579232
-0.326723
-0.0478646
0.234854
0.498633
0.722196
0.887515
0.981256
0.99586
0.930147
0.789419
0.585024
0.333448
0.0549789
-0.227924
-0.492445
-0.717251
-0.88421
-0.979859
-0.996482
-0.932739
-0.793772
-0.590787
-0.340155
-0.0620905
0.220982
0.486232
0.712268
0.88086
0.978411
0.997054
0.935284
0.798084
0.59652
0.346846
0.0691989
-0.214029
-0.479995
-0.70725
-0.877466
-0.976914
-0.997575
-0.937781
-0.802357
-0.602222
-0.353518
-0.0763038
0.207065
0.473734
0.702196
0.874027
0.975367
0.998045
0.940231
0.806588
0.607894
0.360173
0.0834048
-0.20009
-0.467448
-0.697106
-0.870543
-0.973771
-0.998465
-0.942633
-0.810778
-0.613535
-0.36681
-0.0905016
0.193105
0.461138
0.691981
0.867016
0.972126
0.998834
0.944987
0.814928
0.619145
0.373428
0.0975938
-0.186111
-0.454806
-0.686821
-0.863444
-0.970431
-0.999153
-0.947294
-0.819036
-0.624723
-0.380026
-0.104681
0.179107
0.44845
0.681626
0.859828
0.968687
0.999421
0.949552
0.823102
0.63027
0.386606
0.111763
-0.172094
-0.442071
-0.676396
-0.856169
-0.966893
-0.999638
-0.951762
-0.827127
-0.635784
-0.393166
-0.118839
0.165072
0.43567
0.671132
0.852467
0.965051
0.999804
0.953924
0.831109
0.641267
0.399706
0.12591
-0.158042
-0.429247
-0.665834
-0.848721
-0.96316
-0.99992
-0.956037
-0.83505
-0.646717
-0.406226
-0.132973
0.151003
0.422802
0.660502
0.844932
0.961219
0.999985
0.958102
0.838948
0.652134
0.412725
0.14003
-0.143958
-0.416336
-0.655136
-0.841101
-0.95923
-0.999999
-0.960118
-0.842804
-0.657518
-0.419203
-0.14708
0.136904
0.409848
0.649738
0.837226
0.957193
0.999962
0.962085
0.846616
0.662868
0.42566
0.154123
-0.129844
-0.40334
-0.644306
-0.833309
-0.955106
-0.999875
-0.964004
-0.850386
-0.668185
-0.432096
-0.161158
0.122778
0.396811
0.638842
0.82935
0.952972
0.999737
0.965873
0.854113
0.673468
0.438509
0.168184
-0.115705
-0.390262
-0.633345
-0.825349
-0.950789
-0.999548
-0.967694
-0.857796
-0.678717
-0.4449
-0.175202
0.108626
0.383693
0.627816
0.821306
0.948557
0.999308
0.969466
0.861436
0.683932
0.451269
0.182211
-0.101541
-0.377105
-0.622255
-0.817221
-0.946278
-0.999018
-0.971188
-0.865032
-0.689111
-0.457615
-0.189211
0.094452
0.370498
0.616663
0.813094
0.94395
0.998677
0.972861
0.868584
0.694256
0.463937
0.196201
-0.0873577
-0.363871
-0.611039
-0.808927
-0.941575
-0.998285
-0.974485
-0.872092
-0.699366
-0.470236
-0.203182
0.080259
0.357227
0.605384
0.804718
0.939152
0.997843
0.976059
0.875556
0.70444
0.476511
0.210152
-0.0731562
-0.350564
-0.599699
-0.800469
-0.936681
-0.99735
-0.977584
-0.878975
-0.709478
-0.482762
-0.217111
0.0660497
0.343884
0.593983
0.796179
0.934162
0.996807
0.979059
0.88235
0.71448
0.488988
0.224059
-0.0589398
-0.337186
-0.588237
-0.791848
-0.931597
-0.996212
-0.980484
-0.88568
-0.719446
-0.49519
-0.230996
0.051827
0.33047
0.582462
0.787477
0.928984
0.995568
0.98186
0.888965
0.724376
0.501366
0.237921
-0.0447115
-0.323739
-0.576656
-0.783067
-0.926323
-0.994872
-0.983185
-0.892205
-0.729269
-0.507517
-0.244835
0.0375938
0.31699
0.570822
0.778616
0.923616
0.994127
0.984461
0.8954
0.734124
0.513642
0.251735
-0.0304741
-0.310226
-0.564958
-0.774126
-0.920862
-0.99333
-0.985687
-0.898549
-0.738943
-0.519742
-0.258623
0.0233529
0.303446
0.559066
0.769597
0.918061
0.992484
0.986863
0.901653
0.743724
0.525814
0.265498
-0.0162305
-0.29665
-0.553145
-0.765029
-0.915214
-0.991587
-0.987989
-0.90471
-0.748467
-0.53186
-0.272359
0.00910733
0.28984
0.547196
0.760422
0.91232
0.99064
0.989065
0.907722
0.753172
0.53788
0.279207
-0.00198366
-0.283014
-0.54122
-0.755776
-0.90938
-0.989642
-0.99009
-0.910688
-0.757839
-0.543871
-0.28604
-0.0051401
0.276175
0.535216
0.751092
0.906393
0.988594
0.991066
0.913608
0.762468
0.549836
0.292859
0.0122636
-0.269321
-0.529185
-0.74637
-0.903361
-0.987496
-0.991991
-0.916481
-0.767058
-0.555772
-0.299663
-0.0193865
0.262454
0.523127
0.74161
0.900283
0.986348
0.992865
0.919308
0.771609
0.56168
0.306452
0.0265084
-0.255573
-0.517042
-0.736813
-0.897159
-0.98515
-0.993689
-0.922088
-0.776121
-0.56756
-0.313225
-0.033629
0.248679
0.510932
0.731977
0.89399
0.983902
0.994463
0.924821
0.780593
0.57341
0.319982
0.0407478
-0.241773
-0.504795
-0.727105
-0.890775
-0.982604
-0.995187
-0.927508
-0.785026
-0.579232
-0.326723
-0.0478646
0.234854
0.498633
0.722196
0.887515
0.981256
0.99586
0.930147
0.789419
0.585024
0.333448
0.0549789
-0.227924
-0.492445
-0.717251
-0.88421
-0.979859
-0.996482
-0.932739
-0.793772
-0.590787
-0.340155
-0.0620905
0.220982
0.486232
0.712268
0.88086
0.978411
0.997054
0.935284
0.798084
0.59652
0.346846
0.0691989
-0.214029
-0.479995
-0.70725
-0.877466
-0.976914
-0.997575
-0.937781
-0.802357
-0.602222
-0.353518
-0.0763038
0.207065
0.473734
0.702196
0.874027
0.975367
0.998045
0.940231
0.806588
0.607894
0.360173
0.0834048
-0.20009
-0.467448
-0.697106
-0.870543
-0.973771
-0.998465
-0.942633
-0.810778
-0.613535
-0.36681
-0.0905016
0.193105
0.461138
0.691981
0.867016
0.972126
0.998834
0.944987
0.814928
0.619145
0.373428
0.0975938
-0.186111
-0.454806
-0.686821
-0.863444
-0.970431
-0.999153
-0.947294
-0.819036
-0.624723
-0.380026
-0.104681
0.179107
0.44845
0.681626
0.859828
0.968687
0.999421
0.949552
0.823102
0.63027
0.386606
0.111763
-0.172094
-0.442071
-0.676396
-0.856169
-0.966893
-0.999638
-0.951762
-0.827127
-0.635784
-0.393166
-0.118839
0.165072
0.43567
0.671132
0.852467
0.965051
0.999804
0.953924
0.831109
0.641267
0.399706
0.12591
-0.158042
-0.429247
-0.665834
-0.848721
-0.96316
-0.99992
-0.956037
-0.83505
-0.646717
-0.406226
-0.132973
0.151003
0.422802
0.660502
0.844932
0.961219
0.999985
0.958102
0.838948
0.652134
0.412725
0.14003
-0.143958
-0.416336
-0.655136
-0.841101
-0.95923
-0.999999
-0.960118
-0.842804
-0.657518
-0.419203
-0.14708
0.136904
0.409848
0.649738
0.837226
0.957193
0.999962
0.962085
0.846616
0.662868
0.42566
0.154123
-0.129844
-0.40334
-0.644306
-0.833309
-0.955106
-0.999875
-0.964004
-0.850386
-0.668185
-0.432096
-0.161158
0.122778
0.396811
0.638842
0.82935
0.952972
0.999737
0.965873
0.854113
0.673468
0.438509
0.168184
-0.115705
-0.390262
-0.633345
-0.825349
-0.950789
-0.999548
-0.967694
-0.857796
-0.678717
-0.4449
-0.175202
0.108626
0.383693
0.627816
0.821306
0.948557
0.999308
0.969466
0.861436
0.683932
0.451269
0.182211
-0.101541
-0.377105
-0.622255
-0.817221
-0.946278
-0.999018
-0.971188
-0.865032
-0.689111
-0.457615
-0.189211
0.094452
0.370498
0.616663
0.813094
0.94395
0.998677
0.972861
0.868584
0.694256
0.463937
0.196201
-0.0873577
-0.363871
-0.611039
-0.808927
-0.941575
-0.998285
-0.974485
-0.872092
-0.699366
-0.470236
-0.203182
0.080259
0.357227
0.605384
0.804718
0.939152
0.997843
0.976059
0.875556
0.70444
0.476511
0.210152
-0.0731562
-0.350564
-0.599699
-0.800469
-0.936681
-0.99735
-0.977584
-0.878975
-0.709478
-0.482762
-0.217111
0.0660497
0.343884
0.593983
0.796179
0.934162
0.996807
0.979059
0.88235
0.71448
0.488988
0.224059
-0.0589398
-0.337186
-0.588237
-0.791848
-0.931597
-0.996212
-0.980484
-0.88568
-0.719446
-0.49519
-0.230996
0.051827
0.33047
0.582462
0.787477
0.928984
0.995568
0.98186
0.888965
0.724376
0.501366
0.237921
-0.0447115
-0.323739
-0.576656
-0.783067
-0.926323
-0.994872
-0.983185
-0.892205
-0.729269
-0.507517
-0.244835
0.0375938
0.31699
0.570822
0.778616
0.923616
0.994127
0.984461
0.8954
0.734124
0.513642
0.251735
-0.0304741
-0.310226
-0.564958
-0.774126
-0.920862
-0.99333
-0.985687
-0.898549
-0.738943
-0.519742
-0.258623
0.0233529
0.303446
0.559066
0.769597
0.918061
0.992484
0.986863
0.901653
0.743724
0.525814
0.265498
-0.0162305
-0.29665
-0.553145
-0.765029
-0.915214
-0.991587
-0.987989
-0.90471
-0.748467
-0.53186
-0.272359
0.00910733
0.28984
0.547196
0.760422
0.91232
0.99064
0.989065
0.907722
0.753172
0.53788
0.279207
-0.00198366
-0.283014
-0.54122
-0.755776
-0.90938
-0.989642
-0.99009
-0.910688
-0.757839
-0.543871
-0.28604
-0.0051401
0.276175
0.535216
0.751092
0.906393
0.988594
0.991066
0.913608
0.762468
0.549836
0.292859
0.0122636
-0.269321
-0.529185
-0.74637
-0.903361
-0.987496
-0.991991
-0.916481
-0.767058
-0.555772
-0.299663
-0.0193865
0.262454
0.523127
0.74161
0.900283
0.986348
0.992865
0.919308
0.771609
0.56168
0.306452
0.0265084
-0.255573
-0.517042
-0.736813
-0.897159
-0.98515
-0.993689
-0.922088
-0.776121
-0.56756
-0.313225
-0.033629
0.248679
0.510932
0.731977
0.89399
0.983902
0.994463
0.924821
0.780593
0.57341
0.319982
0.0407478
-0.241773
-0.504795
-0.727105
-0.890775
-0.982604
-0.995187
-0.927508
-0.785026
-0.579232
-0.326723
-0.0478646
0.234854
0.498633
0.722196
0.887515
0.981256
0.99586
0.930147
0.789419
0.585024
0.333448
0.0549789
-0.227924
-0.492445
-0.717251
-0.88421
-0.979859
-0.996482
-0.932739
-0.793772
-0.590787
-0.340155
-0.0620905
0.220982
0.486232
0.712268
0.88086
0.978411
0.997054
0.935284
0.798084
0.59652
0.346846
0.0691989
-0.214029
-0.479995
-0.70725
-0.877466
-0.976914
-0.997575
-0.937781
-0.802357
-0.602222
-0.353518
-0.0763038
0.207065
0.473734
0.702196
0.874027
0.975367
0.998045
0.940231
0.806588
0.607894
0.360173
0.0834048
-0.20009
-0.467448
-0.697106
-0.870543
-0.973771
-0.998465
-0.942633
-0.810778
-0.613535
-0.36681
-0.0905016
0.193105
0.461138
0.691981
0.867016
0.972126
0.998834
0.944987
0.814928
0.619145
0.373428
0.0975938
-0.186111
-0.454806
-0.686821
-0.863444
-0.970431
-0.999153
-0.947294
-0.819036
-0.624723
-0.380026
-0.104681
0.179107
0.44845
0.681626
0.859828
0.968687
0.999421
0.949552
0.823102
0.63027
0.386606
0.111763
-0.172094
-0.442071
-0.676396
-0.856169
-0.966893
-0.999638
-0.951762
-0.827127
-0.635784
-0.393166
-0.118839
0.165072
0.43567
0.671132
0.852467
0.965051
0.999804
0.953924
0.831109
0.641267
0.399706
0.12591
-0.158042
-0.429247
-0.665834
-0.848721
-0.96316
-0.99992
-0.956037
-0.83505
-0.646717
-0.406226
-0.132973
0.151003
0.422802
0.660502
0.844932
0.961219
0.999985
0.958102
0.838948
0.652134
0.412725
0.14003
-0.143958
-0.416336
-0.655136
-0.841101
-0.95923
-0.999999
-0.960118
-0.842804
-0.657518
-0.419203
-0.14708
0.136904
0.409848
0.649738
0.837226
0.957193
0.999962
0.962085
0.846616
0.662868
0.42566
0.154123
-0.129844
-0.40334
-0.644306
-0.833309
-0.955106
-0.999875
-0.964004
-0.850386
-0.668185
-0.432096
-0.161158
0.122778
0.396811
0.638842
0.82935
0.952972
0.999737
0.965873
0.854113
0.673468
0.438509
0.168184
-0.115705
-0.390262
-0.633345
-0.825349
-0.950789
-0.999548
-0.967694
-0.857796
-0.678717
-0.4449
-0.175202
0.108626
0.383693
0.627816
0.821306
0.948557
0.999308
0.969466
0.861436
0.683932
0.451269
0.182211
-0.101541
-0.377105
-0.622255
-0.817221
-0.946278
-0.999018
-0.971188
-0.865032
-0.689111
-0.457615
-0.189211
0.094452
0.370498
0.616663
0.813094
0.94395
0.998677
0.972861
0.868584
0.694256
0.463937
0.196201
-0.0873577
-0.363871
-0.611039
-0.808927
-0.941575
-0.998285
-0.974485
-0.872092
-0.699366
-0.470236
-0.203182
0.080259
0.357227
0.605384
0.804718
0.939152
0.997843
0.976059
0.875556
0.70444
0.476511
0.210152
-0.0731562
-0.350564
-0.599699
-0.800469
-0.936681
-0.99735
-0.977584
-0.878975
-0.709478
-0.482762
-0.217111
0.0660497
0.343884
0.593983
0.796179
0.934162
0.996807
0.979059
0.88235
0.71448
0.488988
0.224059
-0.0589398
-0.337186
-0.588237
-0.791848
-0.931597
-0.996212
-0.980484
-0.88568
-0.719446
-0.49519
-0.230996
0.051827
0.33047
0.582462
0.787477
0.928984
0.995568
0.98186
0.888965
0.724376
0.501366
0.237921
-0.0447115
-0.323739
-0.576656
-0.783067
-0.926323
-0.994872
-0.983185
-0.892205
-0.729269
-0.507517
-0.244835
0.0375938
0.31699
0.570822
0.778616
0.923616
0.994127
0.984461
0.8954
0.734124
0.513642
0.251735
-0.0304741
-0.310226
-0.564958
-0.774126
-0.920862
-0.99333
-0.985687
-0.898549
-0.738943
-0.519742
-0.258623
0.0233529
0.303446
0.559066
0.769597
0.918061
0.992484
0.986863
0.901653
0.743724
0.525814
0.265498
-0.0162305
-0.29665
-0.553145
-0.765029
-0.915214
-0.991587
-0.987989
-0.90471
-0.748467
-0.53186
-0.272359
0.00910733
0.28984
0.547196
0.760422
0.91232
0.99064
0.989065
0.907722
0.753172
0.53788
0.279207
-0.00198366
-0.283014
-0.54122
-0.755776
-0.90938
-0.989642
-0.99009
-0.910688
-0.757839
-0.543871
-0.28604
-0.0051401
0.276175
0.535216
0.751092
0.906393
0.988594
0.991066
0.913608
0.762468
0.549836
0.292859
0.0122636
-0.269321
-0.529185
-0.74637
-0.903361
-0.987496
-0.991991
-0.916481
-0.767058
-0.555772
-0.299663
-0.0193865
0.262454
0.523127
0.74161
0.900283
0.986348
0.992865
0.919308
0.771609
0.56168
0.306452
0.0265084
-0.255573
-0.517042
-0.736813
-0.897159
-0.98515
-0.993689
-0.922088
-0.776121
-0.56756
-0.313225
-0.033629
0.248679
0.510932
0.731977
0.89399
0.983902
0.994463
0.924821
0.780593
0.57341
0.319982
0.0407478
-0.241773
-0.504795
-0.727105
-0.890775
-0.982604
-0.995187
-0.927508
-0.785026
-0.579232
-0.326723
-0.0478646
0.234854
0.498633
0.722196
0.887515
0.981256
0.99586
0.930147
0.789419
0.585024
0.333448
0.0549789
-0.227924
-0.492445
-0.717251
-0.88421
-0.979859
-0.996482
-0.932739
-0.793772
-0.590787
-0.340155
-0.0620905
0.220982
0.486232
0.712268
0.88086
0.978411
0.997054
0.935284
0.798084
0.59652
0.346846
0.0691989
-0.214029
-0.479995
-0.70725
-0.877466
-0.976914
-0.997575
-0.937781
-0.802357
-0.602222
-0.353518
-0.0763038
0.207065
0.473734
0.702196
0.874027
0.975367
0.998045
0.940231
0.806588
0.607894
0.360173
0.0834048
-0.20009
-0.467448
-0.697106
-0.870543
-0.973771
-0.998465
-0.942633
-0.810778
-0.613535
-0.36681
-0.0905016
0.193105
0.461138
0.691981
0.867016
0.972126
0.998834
0.944987
0.814928
0.619145
0.373428
0.0975938
-0.186111
-0.454806
-0.686821
-0.863444
-0.970431
-0.999153
-0.947294
-0.819036
-0.624723
-0.380026
-0.104681
0.179107
0.44845
0.681626
0.859828
0.968687
0.999421
0.949552
0.823102
0.63027
0.386606
0.111763
-0.172094
-0.442071
-0.676396
-0.856169
-0.966893
-0.999638
-0.951762
-0.827127
-0.635784
-0.393166
-0.118839
0.165072
0.43567
0.671132
0.852467
0.965051
0.999804
0.953924
0.831109
0.641267
0.399706
0.12591
-0.158042
-0.429247
-0.665834
-0.848721
-0.96316
-0.99992
-0.956037
-0.83505
-0.646717
-0.406226
-0.132973
0.151003
0.422802
0.660502
0.844932
0.961219
0.999985
0.958102
0.838948
0.652134
0.412725
0.14003
-0.143958
-0.416336
-0.655136
-0.841101
-0.95923
-0.999999
-0.960118
-0.842804
-0.657518
-0.419203
-0.14708
0.136904
0.409848
0.649738
0.837226
0.957193
0.999962
0.962085
0.846616
0.662868
0.42566
0.154123
-0.129844
-0.40334
-0.644306
-0.833309
-0.955106
-0.999875
-0.964004
-0.850386
-0.668185
-0.432096
-0.161158
0.122778
0.396811
0.638842
0.82935
0.952972
0.999737
0.965873
0.854113
0.673468
0.438509
0.168184
-0.115705
-0.390262
-0.633345
-0.825349
-0.950789
-0.999548
-0.967694
-0.857796
-0.678717
-0.4449
-0.175202
0.108626
0.383693
0.627816
0.821306
0.948557
0.999308
0.969466
0.861436
0.683932
0.451269
0.182211
-0.101541
-0.377105
-0.622255
-0.817221
-0.946278
-0.999018
-0.971188
-0.865032
-0.689111
-0.457615
-0.189211
0.094452
0.370498
0.616663
0.813094
0.94395
0.998677
0.972861
0.868584
0.694256
0.463937
0.196201
-0.0873577
-0.363871
-0.611039
-0.808927
-0.941575
-0.998285
-0.974485
-0.872092
-0.699366
-0.470236
-0.203182
0.080259
0.357227
0.605384
0.804718
0.939152
0.997843
0.976059
0.875556
0.70444
0.476511
0.210152
-0.0731562
-0.350564
-0.599699
-0.800469
-0.936681
-0.99735
-0.977584
-0.878975
-0.709478
-0.482762
-0.217111
0.0660497
0.343884
0.593983
0.796179
0.934162
0.996807
0.979059
0.88235
0.71448
0.488988
0.224059
-0.0589398
-0.337186
-0.588237
-0.791848
-0.931597
-0.996212
-0.980484
-0.88568
-0.719446
-0.49519
-0.230996
0.051827
0.33047
0.582462
0.787477
0.928984
0.995568
0.98186
0.888965
0.724376
0.501366
0.237921
-0.0447115
-0.323739
-0.576656
-0.783067
-0.926323
-0.994872
-0.983185
-0.892205
-0.729269
-0.507517
-0.244835
0.0375938
0.31699
0.570822
0.778616
0.923616
0.994127
0.984461
0.8954
0.734124
0.513642
0.251735
-0.0304741
-0.310226
-0.564958
-0.774126
-0.920862
-0.99333
-0.985687
-0.898549
-0.738943
-0.519742
-0.258623
0.0233529
0.303446
0.559066
0.769597
0.918061
0.992484
0.986863
0.901653
0.743724
0.525814
0.265498
-0.0162305
-0.29665
-0.553145
-0.765029
-0.915214
-0.991587
-0.987989
-0.90471
-0.748467
-0.53186
-0.272359
0.00910733
0.28984
0.547196
0.760422
0.91232
0.99064
0.989065
0.907722
0.753172
0.53788
0.279207
-0.00198366
-0.283014
-0.54122
-0.755776
-0.90938
-0.989642
-0.99009
-0.910688
-0.757839
-0.543871
-0.28604
-0.0051401
0.276175
0.535216
0.751092
0.906393
0.988594
0.991066
0.913608
0.762468
0.549836
0.292859
0.0122636
-0.269321
-0.529185
-0.74637
-0.903361
-0.987496
-0.991991
-0.916481
-0.767058
-0.555772
-0.299663
-0.0193865
0.262454
0.523127
0.74161
0.900283
0.986348
0.992865
0.919308
0.771609
0.56168
0.306452
0.0265084
-0.255573
-0.517042
-0.736813
-0.897159
-0.98515
-0.993689
-0.922088
-0.776121
-0.56756
-0.313225
-0.033629
0.248679
0.510932
0.731977
0.89399
0.983902
0.994463
0.924821
0.780593
0.57341
0.319982
0.0407478
-0.241773
-0.504795
-0.727105
-0.890775
-0.982604
-0.995187
-0.927508
-0.785026
-0.579232
-0.326723
-0.0478646
0.234854
0.498633
0.722196
0.887515
0.981256
0.99586
0.930147
0.789419
0.585024
0.333448
0.0549789
-0.227924
-0.492445
-0.717251
-0.88421
-0.979859
-0.996482
-0.932739
-0.793772
-0.590787
-0.340155
-0.0620905
0.220982
0.486232
0.712268
0.88086
0.978411
0.997054
0.935284
0.798084
0.59652
0.346846
0.0691989
-0.214029
-0.479995
-0.70725
-0.877466
-0.976914
-0.997575
-0.937781
-0.802357
-0.602222
-0.353518
-0.0763038
0.207065
0.473734
0.702196
0.874027
0.975367
0.998045
0.940231
0.806588
0.607894
0.360173
0.0834048
-0.20009
-0.467448
-0.697106
-0.870543
-0.973771
-0.998465
-0.942633
-0.810778
-0.613535
-0.36681
-0.0905016
0.193105
0.461138
0.691981
0.867016
0.972126
0.998834
0.944987
0.814928
0.619145
0.373428
0.0975938
-0.186111
-0.454806
-0.686821
-0.863444
-0.970431
-0.999153
-0.947294
-0.819036
-0.624723
-0.380026
-0.104681
0.179107
0.44845
0.681626
0.859828
0.968687
0.999421
0.949552
0.823102
0.63027
0.386606
0.111763
-0.172094
-0.442071
-0.676396
-0.856169
-0.966893
-0.999638
-0.951762
-0.827127
-0.635784
-0.393166
-0.118839
0.165072
0.43567
0.671132
0.852467
0.965051
0.999804
0.953924
0.831109
0.641267
0.399706
0.12591
-0.158042
-0.429247
-0.665834
-0.848721
-0.96316
-0.99992
-0.956037
-0.83505
-0.646717
-0.406226
-0.132973
0.151003
0.422802
0.660502
0.844932
0.961219
0.999985
0.958102
0.838948
0.652134
0.412725
0.14003
-0.143958
-0.416336
-0.655136
-0.841101
-0.95923
-0.999999
-0.960118
-0.842804
-0.657518
-0.419203
-0.14708
0.136904
0.409848
0.649738
0.837226
0.957193
0.999962
0.962085
0.846616
0.662868
0.42566
0.154123
-0.129844
-0.40334
-0.644306
-0.833309
-0.955106
-0.999875
-0.964004
-0.850386
-0.668185
-0.432096
-0.161158
0.122778
0.396811
0.638842
0.82935
0.952972
0.999737
0.965873
0.854113
0.673468
0.438509
0.168184
-0.115705
-0.390262
-0.633345
-0.825349
-0.950789
-0.999548
-0.967694
-0.857796
-0.678717
-0.4449
-0.175202
0.108626
0.383693
0.627816
0.821306
0.948557
0.999308
0.969466
0.861436
0.683932
0.451269
0.182211
-0.101541
-0.377105
-0.622255
-0.817221
-0.946278
-0.999018
-0.971188
-0.865032
-0.689111
-0.457615
-0.189211
0.094452
0.370498
0.616663
0.813094
0.94395
0.998677
0.972861
0.868584
0.694256
0.463937
0.196201
-0.0873577
-0.363871
-0.611039
-0.808927
-0.941575
-0.998285
-0.974485
-0.872092
-0.699366
-0.470236
-0.203182
0.080259
0.357227
0.605384
0.804718
0.939152
0.997843
0.976059
0.875556
0.70444
0.476511
0.210152
-0.0731562
-0.350564
-0.599699
-0.800469
-0.936681
-0.99735
-0.977584
-0.878975
-0.709478
-0.482762
-0.217111
0.0660497
0.343884
0.593983
0.796179
0.934162
0.996807
0.979059
0.88235
0.71448
0.488988
0.224059
-0.0589398
-0.337186
-0.588237
-0.791848
-0.931597
-0.996212
-0.980484
-0.88568
-0.719446
-0.49519
-0.230996
0.051827
0.33047
0.582462
0.787477
0.928984
0.995568
0.98186
0.888965
0.724376
0.501366
0.237921
-0.0447115
-0.323739
-0.576656
-0.783067
-0.926323
-0.994872
-0.983185
-0.892205
-0.729269
-0.507517
-0.244835
0.0375938
0.31699
0.570822
0.778616
0.923616
0.994127
0.984461
0.8954
0.734124
0.513642
0.251735
-0.0304741
-0.310226
-0.564958
-0.774126
-0.920862
-0.99333
-0.985687
-0.898549
-0.738943
-0.519742
-0.258623
0.0233529
0.303446
0.559066
0.769597
0.918061
0.992484
0.986863
0.901653
0.743724
0.525814
0.265498
-0.0162305
-0.29665
-0.553145
-0.765029
-0.915214
-0.991587
-0.987989
-0.90471
-0.748467
-0.53186
-0.272359
0.00910733
0.28984
0.547196
0.760422
0.91232
0.99064
0.989065
0.907722
0.753172
0.53788
0.279207
-0.00198366
-0.283014
-0.54122
-0.755776
-0.90938
-0.989642
-0.99009
-0.910688
-0.757839
-0.543871
-0.28604
-0.0051401
0.276175
0.535216
0.751092
0.906393
0.988594
0.991066
0.913608
0.762468
0.549836
0.292859
0.0122636
-0.269321
-0.529185
-0.74637
-0.903361
-0.987496
-0.991991
-0.916481
-0.767058
-0.555772
-0.299663
-0.0193865
0.262454
0.523127
0.74161
0.900283
0.986348
0.992865
0.919308
0.771609
0.56168
0.306452
0.0265084
-0.255573
-0.517042
-0.736813
-0.897159
-0.98515
-0.993689
-0.922088
-0.776121
-0.56756
-0.313225
-0.033629
0.248679
0.510932
0.731977
0.89399
0.983902
0.994463
0.924821
0.780593
0.57341
0.319982
0.0407478
-0.241773
-0.504795
-0.727105
-0.890775
-0.982604
-0.995187
-0.927508
-0.785026
-0.579232
-0.326723
-0.0478646
0.234854
0.498633
0.722196
0.887515
0.981256
0.99586
0.930147
0.789419
0.585024
0.333448
0.0549789
-0.227924
-0.492445
-0.717251
-0.88421
-0.979859
-0.996482
-0.932739
-0.793772
-0.590787
-0.340155
-0.0620905
0.220982
0.486232
0.712268
0.88086
0.978411
0.997054
0.935284
0.798084
0.59652
0.346846
0.0691989
-0.214029
-0.479995
-0.70725
-0.877466
-0.976914
-0.997575
-0.937781
-0.802357
-0.602222
-0.353518
-0.0763038
0.207065
0.473734
0.702196
0.874027
0.975367
0.998045
0.940231
0.806588
0.607894
0.360173
0.0834048
-0.20009
-0.467448
-0.697106
-0.870543
-0.973771
-0.998465
-0.942633
-0.810778
-0.613535
-0.36681
-0.0905016
0.193105
0.461138
0.691981
0.867016
0.972126
0.998834
0.944987
0.814928
0.619145
0.373428
0.0975938
-0.186111
-0.454806
-0.686821
-0.863444
-0.970431
-0.999153
-0.947294
-0.819036
-0.624723
-0.380026
-0.104681
0.179107
0.44845
0.681626
0.859828
0.968687
0.999421
0.949552
0.823102
0.63027
0.386606
0.111763
-0.172094
-0.442071
-0.676396
-0.856169
-0.966893
-0.999638
-0.951762
-0.827127
-0.635784
-0.393166
-0.118839
0.165072
0.43567
0.671132
0.852467
0.965051
0.999804
0.953924
0.831109
0.641267
0.399706
0.12591
-0.158042
-0.429247
-0.665834
-0.848721
-0.96316
-0.99992
-0.956037
-0.83505
-0.646717
-0.406226
-0.132973
0.151003
0.422802
0.660502
0.844932
0.961219
0.999985
0.958102
0.838948
0.652134
0.412725
0.14003
-0.143958
-0.416336
-0.655136
-0.841101
-0.95923
-0.999999
-0.960118
-0.842804
-0.657518
-0.419203
-0.14708
0.136904
0.409848
0.649738
0.837226
0.957193
0.999962
0.962085
0.846616
0.662868
0.42566
0.154123
-0.129844
-0.40334
-0.644306
-0.833309
-0.955106
-0.999875
-0.964004
-0.850386
-0.668185
-0.432096
-0.161158
0.122778
0.396811
0.638842
0.82935
0.952972
0.999737
0.965873
0.854113
0.673468
0.438509
0.168184
-0.115705
-0.390262
-0.633345
-0.825349
-0.950789
-0.999548
-0.967694
-0.857796
-0.678717
-0.4449
-0.175202
0.108626
0.383693
0.627816
0.821306
0.948557
0.999308
0.969466
0.861436
0.683932
0.451269
0.182211
-0.101541
-0.377105
-0.622255
-0.817221
-0.946278
-0.999018
-0.971188
-0.865032
-0.689111
-0.457615
-0.189211
0.094452
0.370498
0.616663
0.813094
0.94395
0.998677
0.972861
0.868584
0.694256
0.463937
0.196201
-0.0873577
-0.363871
-0.611039
-0.808927
-0.941575
-0.998285
-0.974485
-0.872092
-0.699366
-0.470236
-0.203182
0.080259
0.357227
0.605384
0.804718
0.939152
0.997843
0.976059
0.875556
0.70444
0.476511
0.210152
-0.0731562
-0.350564
-0.599699
-0.800469
-0.936681
-0.99735
-0.977584
-0.878975
-0.709478
-0.482762
-0.217111
0.0660497
0.343884
0.593983
0.796179
0.934162
0.996807
0.979059
0.88235
0.71448
0.488988
0.224059
-0.0589398
-0.337186
-0.588237
-0.791848
-0.931597
-0.996212
-0.980484
-0.88568
-0.719446
-0.49519
-0.230996
0.051827
0.33047
0.582462
0.787477
0.928984
0.995568
0.98186
0.888965
0.724376
0.501366
0.237921
-0.0447115
-0.323739
-0.576656
-0.783067
-0.926323
-0.994872
-0.983185
-0.892205
-0.729269
-0.507517
-0.244835
0.0375938
0.31699
0.570822
0.778616
0.923616
0.994127
0.984461
0.8954
0.734124
0.513642
0.251735
-0.0304741
-0.310226
-0.564958
-0.774126
-0.920862
-0.99333
-0.985687
-0.898549
-0.738943
-0.519742
-0.258623
0.0233529
0.303446
0.559066
0.769597
0.918061
0.992484
0.986863
0.901653
0.743724
0.525814
0.265498
-0.0162305
-0.29665
-0.553145
-0.765029
-0.915214
-0.991587
-0.987989
-0.90471
-0.748467
-0.53186
-0.272359
0.00910733
0.28984
0.547196
0.760422
0.91232
0.99064
0.989065
0.907722
0.753172
0.53788
0.279207
-0.00198366
-0.283014
-0.54122
-0.755776
-0.90938
-0.989642
-0.99009
-0.910688
-0.757839
-0.543871
-0.28604
-0.0051401
0.276175
0.535216
0.751092
0.906393
0.988594
0.991066
0.913608
0.762468
0.549836
0.292859
0.0122636
-0.269321
-0.529185
-0.74637
-0.903361
-0.987496
-0.991991
-0.916481
-0.767058
-0.555772
-0.299663
-0.0193865
0.262454
0.523127
0.74161
0.900283
0.986348
0.992865
0.919308
0.771609
0.56168
0.306452
0.0265084
-0.255573
-0.517042
-0.736813
-0.897159
-0.98515
-0.993689
-0.922088
-0.776121
-0.56756
-0.313225
-0.033629
0.248679
0.510932
0.731977
0.89399
0.983902
0.994463
0.924821
0.780593
0.57341
0.319982
0.0407478
-0.241773
-0.504795
-0.727105
-0.890775
-0.982604
-0.995187
-0.927508
-0.785026
-0.579232
-0.326723
-0.0478646
0.234854
0.498633
0.722196
0.887515
0.981256
0.99586
0.930147
0.789419
0.585024
0.333448
0.0549789
-0.227924
-0.492445
-0.717251
-0.88421
-0.979859
-0.996482
-0.932739
-0.793772
-0.590787
-0.340155
-0.0620905
0.220982
0.486232
0.712268
0.88086
0.978411
0.997054
0.935284
0.798084
0.59652
0.346846
0.0691989
-0.214029
-0.479995
-0.70725
-0.877466
-0.976914
-0.997575
-0.937781
-0.802357
-0.602222
-0.353518
-0.0763038
0.207065
0.473734
0.702196
0.874027
0.975367
0.998045
0.940231
0.806588
0.607894
0.360173
0.0834048
-0.20009
-0.467448
-0.697106
-0.870543
-0.973771
-0.998465
-0.942633
-0.810778
-0.613535
-0.36681
-0.0905016
0.193105
0.461138
0.691981
0.867016
0.972126
0.998834
0.944987
0.814928
0.619145
0.373428
0.0975938
-0.186111
-0.454806
-0.686821
-0.863444
-0.970431
-0.999153
-0.947294
-0.819036
-0.624723
-0.380026
-0.104681
0.179107
0.44845
0.681626
0.859828
0.968687
0.999421
0.949552
0.823102
0.63027
0.386606
0.111763
-0.172094
-0.442071
-0.676396
-0.856169
-0.966893
-0.999638
-0.951762
-0.827127
-0.635784
-0.393166
-0.118839
0.165072
0.43567
0.671132
0.852467
0.965051
0.999804
0.953924
0.831109
0.641267
0.399706
0.12591
-0.158042
-0.429247
-0.665834
-0.848721
-0.96316
-0.99992
-0.956037
-0.83505
-0.646717
-0.406226
-0.132973
0.151003
0.422802
0.660502
0.844932
0.961219
0.999985
0.958102
0.838948
0.652134
0.412725
0.14003
-0.143958
-0.416336
-0.655136
-0.841101
-0.95923
-0.999999
-0.960118
-0.842804
-0.657518
-0.419203
-0.14708
0.136904
0.409848
0.649738
0.837226
0.957193
0.999962
0.962085
0.846616
0.662868
0.42566
0.154123
-0.129844
-0.40334
-0.644306
-0.833309
-0.955106
-0.999875
-0.964004
-0.850386
-0.668185
-0.432096
-0.161158
0.122778
0.396811
0.638842
0.82935
0.952972
0.999737
0.965873
0.854113
0.673468
0.438509
0.168184
-0.115705
-0.390262
-0.633345
-0.825349
-0.950789
-0.999548
-0.967694
-0.857796
-0.678717
-0.4449
-0.175202
0.108626
0.383693
0.627816
0.821306
0.948557
0.999308
0.969466
0.861436
0.683932
0.451269
0.182211
-0.101541
-0.377105
-0.622255
-0.817221
-0.946278
-0.999018
-0.971188
-0.865032
-0.689111
-0.457615
-0.189211
0.094452
0.370498
0.616663
0.813094
0.94395
0.998677
0.972861
0.868584
0.694256
0.463937
0.196201
-0.0873577
-0.363871
-0.611039
-0.808927
-0.941575
-0.998285
-0.974485
-0.872092
-0.699366
-0.470236
-0.203182
0.080259
0.357227
0.605384
0.804718
0.939152
0.997843
0.976059
0.875556
0.70444
0.476511
0.210152
-0.0731562
-0.350564
-0.599699
-0.800469
-0.936681
-0.99735
-0.977584
-0.878975
-0.709478
-0.482762
-0.217111
0.0660497
0.343884
0.593983
0.796179
0.934162
0.996807
0.979059
0.88235
0.71448
0.488988
0.224059
-0.0589398
-0.337186
-0.588237
-0.791848
-0.931597
-0.996212
-0.980484
-0.88568
-0.719446
-0.49519
-0.230996
0.051827
0.33047
0.582462
0.787477
0.928984
0.995568
0.98186
0.888965
0.724376
0.501366
0.237921
-0.0447115
-0.323739
-0.576656
-0.783067
-0.926323
-0.994872
-0.983185
-0.892205
-0.729269
-0.507517
-0.244835
0.0375938
0.31699
0.570822
0.778616
0.923616
0.994127
0.984461
0.8954
0.734124
0.513642
0.251735
-0.0304741
-0.310226
-0.564958
-0.774126
-0.920862
-0.99333
-0.985687
-0.898549
-0.738943
-0.519742
-0.258623
0.0233529
0.303446
0.559066
0.769597
0.918061
0.992484
0.986863
0.901653
0.743724
0.525814
0.265498
-0.0162305
-0.29665
-0.553145
-0.765029
-0.915214
-0.991587
-0.987989
-0.90471
-0.748467
-0.53186
-0.272359
0.00910733
0.28984
0.547196
0.760422
0.91232
0.99064
0.989065
0.907722
0.753172
0.53788
0.279207
-0.00198366
-0.283014
-0.54122
-0.755776
-0.90938
-0.989642
-0.99009
-0.910688
-0.757839
-0.543871
-0.28604
-0.0051401
0.276175
0.535216
0.751092
0.906393
0.988594
0.991066
0.913608
0.762468
0.549836
0.292859
0.0122636
-0.269321
-0.529185
-0.74637
-0.903361
-0.987496
-0.991991
-0.916481
-0.767058
-0.555772
-0.299663
-0.0193865
0.262454
0.523127
0.74161
0.900283
0.986348
0.992865
0.919308
0.771609
0.56168
0.306452
0.0265084
-0.255573
-0.517042
-0.736813
-0.897159
-0.98515
-0.993689
-0.922088
-0.776121
-0.56756
-0.313225
-0.033629
0.248679
0.510932
0.731977
0.89399
0.983902
0.994463
0.924821
0.780593
0.57341
0.319982
0.0407478
-0.241773
-0.504795
-0.727105
-0.890775
-0.982604
-0.995187
-0.927508
-0.785026
-0.579232
-0.326723
-0.0478646
0.234854
0.498633
0.722196
0.887515
0.981256
0.99586
0.930147
0.789419
0.585024
0.333448
0.0549789
-0.227924
-0.492445
-0.717251
-0.88421
-0.979859
-0.996482
-0.932739
-0.793772
-0.590787
-0.340155
-0.0620905
0.220982
0.486232
0.712268
0.88086
0.978411
0.997054
0.935284
0.798084
0.59652
0.346846
0.0691989
-0.214029
-0.479995
-0.70725
-0.877466
-0.976914
-0.997575
-0.937781
-0.802357
-0.602222
-0.353518
-0.0763038
0.207065
0.473734
0.702196
0.874027
0.975367
0.998045
0.940231
0.806588
0.607894
0.360173
0.0834048
-0.20009
-0.467448
-0.697106
-0.870543
-0.973771
-0.998465
-0.942633
-0.810778
-0.613535
-0.36681
-0.0905016
0.193105
0.461138
0.691981
0.867016
0.972126
0.998834
0.944987
0.814928
0.619145
0.373428
0.0975938
-0.186111
-0.454806
-0.686821
-0.863444
-0.970431
-0.999153
-0.947294
-0.819036
-0.624723
-0.380026
-0.104681
0.179107
0.44845
0.681626
0.859828
0.968687
0.999421
0.949552
0.823102
0.63027
0.386606
0.111763
-0.172094
-0.442071
-0.676396
-0.856169
-0.966893
-0.999638
-0.951762
-0.827127
-0.635784
-0.393166
-0.118839
0.165072
0.43567
0.671132
0.852467
0.965051
0.999804
0.953924
0.831109
0.641267
0.399706
0.12591
-0.158042
-0.429247
-0.665834
-0.848721
-0.96316
-0.99992
-0.956037
-0.83505
-0.646717
-0.406226
-0.132973
0.151003
0.422802
0.660502
0.844932
0.961219
0.999985
0.958102
0.838948
0.652134
0.412725
0.14003
-0.143958
-0.416336
-0.655136
-0.841101
-0.95923
-0.999999
-0.960118
-0.842804
-0.657518
-0.419203
-0.14708
0.136904
0.409848
0.649738
0.837226
0.957193
0.999962
0.962085
0.846616
0.662868
0.42566
0.154123
-0.129844
-0.40334
-0.644306
-0.833309
-0.955106
-0.999875
-0.964004
-0.850386
-0.668185
-0.432096
-0.161158
0.122778
0.396811
0.638842
0.82935
0.952972
0.999737
0.965873
0.854113
0.673468
0.438509
0.168184
-0.115705
-0.390262
-0.633345
-0.825349
-0.950789
-0.999548
-0.967694
-0.857796
-0.678717
-0.4449
-0.175202
0.108626
0.383693
0.627816
0.821306
0.948557
0.999308
0.969466
0.861436
0.683932
0.451269
0.182211
-0.101541
-0.377105
-0.622255
-0.817221
-0.946278
-0.999018
-0.971188
-0.865032
-0.689111
-0.457615
-0.189211
0.094452
0.370498
0.616663
0.813094
0.94395
0.998677
0.972861
0.868584
0.694256
0.463937
0.196201
-0.0873577
-0.363871
-0.611039
-0.808927
-0.941575
-0.998285
-0.974485
-0.872092
-0.699366
-0.470236
-0.203182
0.080259
0.357227
0.605384
0.804718
0.939152
0.997843
0.976059
0.875556
0.70444
0.476511
0.210152
-0.0731562
-0.350564
-0.599699
-0.800469
-0.936681
-0.99735
-0.977584
-0.878975
-0.709478
-0.482762
-0.217111
0.0660497
0.343884
0.593983
0.796179
0.934162
0.996807
0.979059
0.88235
0.71448
0.488988
0.224059
-0.0589398
-0.337186
-0.588237
-0.791848
-0.931597
-0.996212
-0.980484
-0.88568
-0.719446
-0.49519
-0.230996
0.051827
0.33047
0.582462
0.787477
0.928984
0.995568
0.98186
0.888965
0.724376
0.501366
0.237921
-0.0447115
-0.323739
-0.576656
-0.783067
-0.926323
-0.994872
-0.983185
-0.892205
-0.729269
-0.507517
-0.244835
0.0375938
0.31699
0.570822
0.778616
0.923616
0.994127
0.984461
0.8954
0.734124
0.513642
0.251735
-0.0304741
-0.310226
-0.564958
-0.774126
-0.920862
-0.99333
-0.985687
-0.898549
-0.738943
-0.519742
-0.258623
0.0233529
0.303446
0.559066
0.769597
0.918061
0.992484
0.986863
0.901653
0.743724
0.525814
0.265498
-0.0162305
-0.29665
-0.553145
-0.765029
-0.915214
-0.991587
-0.987989
-0.90471
-0.748467
-0.53186
-0.272359
0.00910733
0.28984
0.547196
0.760422
0.91232
0.99064
0.989065
0.907722
0.753172
0.53788
0.279207
-0.00198366
-0.283014
-0.54122
-0.755776
-0.90938
-0.989642
-0.99009
-0.910688
-0.757839
-0.543871
-0.28604
-0.0051401
0.276175
0.535216
0.751092
0.906393
0.988594
0.991066
0.913608
0.762468
0.549836
0.292859
0.0122636
-0.269321
-0.529185
-0.74637
-0.903361
-0.987496
-0.991991
-0.916481
-0.767058
-0.555772
-0.299663
-0.0193865
0.262454
0.523127
0.74161
0.900283
0.986348
0.992865
0.919308
0.771609
0.56168
0.306452
0.0265084
-0.255573
-0.517042
-0.736813
-0.897159
-0.98515
-0.993689
-0.922088
-0.776121
-0.56756
-0.313225
-0.033629
0.248679
0.510932
0.731977
0.89399
0.983902
0.994463
0.924821
0.780593
0.57341
0.319982
0.0407478
-0.241773
-0.504795
-0.727105
-0.890775
-0.982604
-0.995187
-0.927508
-0.785026
-0.579232
-0.326723
-0.0478646
0.234854
0.498633
0.722196
0.887515
0.981256
0.99586
0.930147
0.789419
0.585024
0.333448
0.0549789
-0.227924
-0.492445
-0.717251
-0.88421
-0.979859
-0.996482
-0.932739
-0.793772
-0.590787
-0.340155
-0.0620905
0.220982
0.486232
0.712268
0.88086
0.978411
0.997054
0.935284
0.798084
0.59652
0.346846
0.0691989
-0.214029
-0.479995
-0.70725
-0.877466
-0.976914
-0.997575
-0.937781
-0.802357
-0.602222
-0.353518
-0.0763038
0.207065
0.473734
0.702196
0.874027
0.975367
0.998045
0.940231
0.806588
0.607894
0.360173
0.0834048
-0.20009
-0.467448
-0.697106
-0.870543
-0.973771
-0.998465
-0.942633
-0.810778
-0.613535
-0.36681
-0.0905016
0.193105
0.461138
0.691981
0.867016
0.972126
0.998834
0.944987
0.814928
0.619145
0.373428
0.0975938
-0.186111
-0.454806
-0.686821
-0.863444
-0.970431
-0.999153
-0.947294
-0.819036
-0.624723
-0.380026
-0.104681
0.179107
0.44845
0.681626
0.859828
0.968687
0.999421
0.949552
0.823102
0.63027
0.386606
0.111763
-0.172094
-0.442071
-0.676396
-0.856169
-0.966893
-0.999638
-0.951762
-0.827127
-0.635784
-0.393166
-0.118839
0.165072
0.43567
0.671132
0.852467
0.965051
0.999804
0.953924
0.831109
0.641267
0.399706
0.12591
-0.158042
-0.429247
-0.665834
-0.848721
-0.96316
-0.99992
-0.956037
-0.83505
-0.646717
-0.406226
-0.132973
0.151003
0.422802
0.660502
0.844932
0.961219
0.999985
0.958102
0.838948
0.652134
0.412725
0.14003
-0.143958
-0.416336
-0.655136
-0.841101
-0.95923
-0.999999
-0.960118
-0.842804
-0.657518
-0.419203
-0.14708
0.136904
0.409848
0.649738
0.837226
0.957193
0.999962
0.962085
0.846616
0.662868
0.42566
0.154123
-0.129844
-0.40334
-0.644306
-0.833309
-0.955106
-0.999875
-0.964004
-0.850386
-0.668185
-0.432096
-0.161158
0.122778
0.396811
0.638842
0.82935
0.952972
0.999737
0.965873
0.854113
0.673468
0.438509
0.168184
-0.115705
-0.390262
-0.633345
-0.825349
-0.950789
-0.999548
-0.967694
-0.857796
-0.678717
-0.4449
-0.175202
0.108626
0.383693
0.627816
0.821306
0.948557
0.999308
0.969466
0.861436
0.683932
0.451269
0.182211
-0.101541
-0.377105
-0.622255
-0.817221
-0.946278
-0.999018
-0.971188
-0.865032
-0.689111
-0.457615
-0.189211
0.094452
0.370498
0.616663
0.813094
0.94395
0.998677
0.972861
0.868584
0.694256
0.463937
0.196201
-0.0873577
-0.363871
-0.611039
-0.808927
-0.941575
-0.998285
-0.974485
-0.872092
-0.699366
-0.470236
-0.203182
0.080259
0.357227
0.605384
0.804718
0.939152
0.997843
0.976059
0.875556
0.70444
0.476511
0.210152
-0.0731562
-0.350564
-0.599699
-0.800469
-0.936681
-0.99735
-0.977584
-0.878975
-0.709478
-0.482762
-0.217111
0.0660497
0.343884
0.593983
0.796179
0.934162
0.996807
0.979059
0.88235
0.71448
0.488988
0.224059
-0.0589398
-0.337186
-0.588237
-0.791848
-0.931597
-0.996212
-0.980484
-0.88568
-0.719446
-0.49519
-0.230996
0.051827
0.33047
0.582462
0.787477
0.928984
0.995568
0.98186
0.888965
0.724376
0.501366
0.237921
-0.0447115
-0.323739
-0.576656
-0.783067
-0.926323
-0.994872
-0.983185
-0.892205
-0.729269
-0.507517
-0.244835
0.0375938
0.31699
0.570822
0.778616
0.923616
0.994127
0.984461
0.8954
0.734124
0.513642
0.251735
-0.0304741
-0.310226
-0.564958
-0.774126
-0.920862
-0.99333
-0.985687
-0.898549
-0.738943
-0.519742
-0.258623
0.0233529
0.303446
0.559066
0.769597
0.918061
0.992484
0.986863
0.901653
0.743724
0.525814
0.265498
-0.0162305
-0.29665
-0.553145
-0.765029
-0.915214
-0.991587
-0.987989
-0.90471
-0.748467
-0.53186
-0.272359
0.00910733
0.28984
0.547196
0.760422
0.91232
0.99064
0.989065
0.907722
0.753172
0.53788
0.279207
-0.00198366
-0.283014
-0.54122
-0.755776
-0.90938
-0.989642
-0.99009
-0.910688
-0.757839
-0.543871
-0.28604
-0.0051401
0.276175
0.535216
0.751092
0.906393
0.988594
0.991066
0.913608
0.762468
0.549836
0.292859
0.0122636
-0.269321
-0.529185
-0.74637
-0.903361
-0.987496
-0.991991
-0.916481
-0.767058
-0.555772
-0.299663
-0.0193865
0.262454
0.523127
0.74161
0.900283
0.986348
0.992865
0.919308
0.771609
0.56168
0.306452
0.0265084
-0.255573
-0.517042
-0.736813
-0.897159
-0.98515
-0.993689
-0.922088
-0.776121
-0.56756
-0.313225
-0.033629
0.248679
0.510932
0.731977
0.89399
0.983902
0.994463
0.924821
0.780593
0.57341
0.319982
0.0407478
-0.241773
-0.504795
-0.727105
-0.890775
-0.982604
-0.995187
-0.927508
-0.785026
-0.579232
-0.326723
-0.0478646
0.234854
0.498633
0.722196
0.887515
0.981256
0.99586
0.930147
0.789419
0.585024
0.333448
0.0549789
-0.227924
-0.492445
-0.717251
-0.88421
-0.979859
-0.996482
-0.932739
-0.793772
-0.590787
-0.340155
-0.0620905
0.220982
0.486232
0.712268
0.88086
0.978411
0.997054
0.935284
0.798084
0.59652
0.346846
0.0691989
-0.214029
-0.479995
-0.70725
-0.877466
-0.976914
-0.997575
-0.937781
-0.802357
-0.602222
-0.353518
-0.0763038
0.207065
0.473734
0.702196
0.874027
0.975367
0.998045
0.940231
0.806588
0.607894
0.360173
0.0834048
-0.20009
-0.467448
-0.697106
-0.870543
-0.973771
-0.998465
-0.942633
-0.810778
-0.613535
-0.36681
-0.0905016
0.193105
0.461138
0.691981
0.867016
0.972126
0.998834
0.944987
0.814928
0.619145
0.373428
0.0975938
-0.186111
-0.454806
-0.686821
-0.863444
-0.970431
-0.999153
-0.947294
-0.819036
-0.624723
-0.380026
-0.104681
0.179107
0.44845
0.681626
0.859828
0.968687
0.999421
0.949552
0.823102
0.63027
0.386606
0.111763
-0.172094
-0.442071
-0.676396
-0.856169
-0.966893
-0.999638
-0.951762
-0.827127
-0.635784
-0.393166
-0.118839
0.165072
0.43567
0.671132
0.852467
0.965051
0.999804
0.953924
0.831109
0.641267
0.399706
0.12591
-0.158042
-0.429247
-0.665834
-0.848721
-0.96316
-0.99992
-0.956037
-0.83505
-0.646717
-0.406226
-0.132973
0.151003
0.422802
0.660502
0.844932
0.961219
0.999985
0.958102
0.838948
0.652134
0.412725
0.14003
-0.143958
-0.416336
-0.655136
-0.841101
-0.95923
-0.999999
-0.960118
-0.842804
-0.657518
-0.419203
-0.14708
0.136904
0.409848
0.649738
0.837226
0.957193
0.999962
0.962085
0.846616
0.662868
0.42566
0.154123
-0.129844
-0.40334
-0.644306
-0.833309
-0.955106
-0.999875
-0.964004
-0.850386
-0.668185
-0.432096
-0.161158
0.122778
0.396811
0.638842
0.82935
0.952972
0.999737
0.965873
0.854113
0.673468
0.438509
0.168184
-0.115705
-0.390262
-0.633345
-0.825349
-0.950789
-0.999548
-0.967694
-0.857796
-0.678717
-0.4449
-0.175202
0.108626
0.383693
0.627816
0.821306
0.948557
0.999308
0.969466
0.861436
0.683932
0.451269
0.182211
-0.101541
-0.377105
-0.622255
-0.817221
-0.946278
-0.999018
-0.971188
-0.865032
-0.689111
-0.457615
-0.189211
0.094452
0.370498
0.616663
0.813094
0.94395
0.998677
0.972861
0.868584
0.694256
0.463937
0.196201
-0.0873577
-0.363871
-0.611039
-0.808927
-0.941575
-0.998285
-0.974485
-0.872092
-0.699366
-0.470236
-0.203182
0.080259
0.357227
0.605384
0.804718
0.939152
0.997843
0.976059
0.875556
0.70444
0.476511
0.210152
-0.0731562
-0.350564
-0.599699
-0.800469
-0.936681
-0.99735
-0.977584
-0.878975
-0.709478
-0.482762
-0.217111
0.0660497
0.343884
0.593983
0.796179
0.934162
0.996807
0.979059
0.88235
0.71448
0.488988
0.224059
-0.0589398
-0.337186
-0.588237
-0.791848
-0.931597
-0.996212
-0.980484
-0.88568
-0.719446
-0.49519
-0.230996
0.051827
0.33047
0.582462
0.787477
0.928984
0.995568
0.98186
0.888965
0.724376
0.501366
0.237921
-0.0447115
-0.323739
-0.576656
-0.783067
-0.926323
-0.994872
-0.983185
-0.892205
-0.729269
-0.507517
-0.244835
0.0375938
0.31699
0.570822
0.778616
0.923616
0.994127
0.984461
0.8954
0.734124
0.513642
0.251735
-0.0304741
-0.310226
-0.564958
-0.774126
-0.920862
-0.99333
-0.985687
-0.898549
-0.738943
-0.519742
-0.258623
0.0233529
0.303446
0.559066
0.769597
0.918061
0.992484
0.986863
0.901653
0.743724
0.525814
0.265498
-0.0162305
-0.29665
-0.553145
-0.765029
-0.915214
-0.991587
-0.987989
-0.90471
-0.748467
-0.53186
-0.272359
0.00910733
0.28984
0.547196
0.760422
0.91232
0.99064
0.989065
0.907722
0.753172
0.53788
0.279207
-0.00198366
-0.283014
-0.54122
-0.755776
-0.90938
-0.989642
-0.99009
-0.910688
-0.757839
-0.543871
-0.28604
-0.0051401
0.276175
0.535216
0.751092
0.906393
0.988594
0.991066
0.913608
0.762468
0.549836
0.292859
0.0122636
-0.269321
-0.529185
-0.74637
-0.903361
-0.987496
-0.991991
-0.916481
-0.767058
-0.555772
-0.299663
-0.0193865
0.262454
0.523127
0.74161
0.900283
0.986348
0.992865
0.919308
0.771609
0.56168
0.306452
0.0265084
-0.255573
-0.517042
-0.736813
-0.897159
-0.98515
-0.993689
-0.922088
-0.776121
-0.56756
-0.313225
-0.033629
0.248679
0.510932
0.731977
0.89399
0.983902
0.994463
0.924821
0.780593
0.57341
0.319982
0.0407478
-0.241773
-0.504795
-0.727105
-0.890775
-0.982604
-0.995187
-0.927508
-0.785026
-0.579232
-0.326723
-0.0478646
0.234854
0.498633
0.722196
0.887515
0.981256
0.99586
0.930147
0.789419
0.585024
0.333448
0.0549789
-0.227924
-0.492445
-0.717251
-0.88421
-0.979859
-0.996482
-0.932739
-0.793772
-0.590787
-0.340155
-0.0620905
0.220982
0.486232
0.712268
0.88086
0.978411
0.997054
0.935284
0.798084
0.59652
0.346846
0.0691989
-0.214029
-0.479995
-0.70725
-0.877466
-0.976914
-0.997575
-0.937781
-0.802357
-0.602222
-0.353518
-0.0763038
0.207065
0.473734
0.702196
0.874027
0.975367
0.998045
0.940231
0.806588
0.607894
0.360173
0.0834048
-0.20009
-0.467448
-0.697106
-0.870543
-0.973771
-0.998465
-0.942633
-0.810778
-0.613535
-0.36681
-0.0905016
0.193105
0.461138
0.691981
0.867016
0.972126
0.998834
0.944987
0.814928
0.619145
0.373428
0.0975938
-0.186111
-0.454806
-0.686821
-0.863444
-0.970431
-0.999153
-0.947294
-0.819036
-0.624723
-0.380026
-0.104681
0.179107
0.44845
0.681626
0.859828
0.968687
0.999421
0.949552
0.823102
0.63027
0.386606
0.111763
-0.172094
-0.442071
-0.676396
-0.856169
-0.966893
-0.999638
-0.951762
-0.827127
-0.635784
-0.393166
-0.118839
0.165072
0.43567
0.671132
0.852467
0.965051
0.999804
0.953924
0.831109
0.641267
0.399706
0.12591
-0.158042
-0.429247
-0.665834
-0.848721
-0.96316
-0.99992
-0.956037
-0.83505
-0.646717
-0.406226
-0.132973
0.151003
0.422802
0.660502
0.844932
0.961219
0.999985
0.958102
0.838948
0.652134
0.412725
0.14003
-0.143958
-0.416336
-0.655136
-0.841101
-0.95923
-0.999999
-0.960118
-0.842804
-0.657518
-0.419203
-0.14708
0.136904
0.409848
0.649738
0.837226
0.957193
0.999962
0.962085
0.846616
0.662868
0.42566
0.154123
-0.129844
-0.40334
-0.644306
-0.833309
-0.955106
-0.999875
-0.964004
-0.850386
-0.668185
-0.432096
-0.161158
0.122778
0.396811
0.638842
0.82935
0.952972
0.999737
0.965873
0.854113
0.673468
0.438509
0.168184
-0.115705
-0.390262
-0.633345
-0.825349
-0.950789
-0.999548
-0.967694
-0.857796
-0.678717
-0.4449
-0.175202
0.108626
0.383693
0.627816
0.821306
0.948557
0.999308
0.969466
0.861436
0.683932
0.451269
0.182211
-0.101541
-0.377105
-0.622255
-0.817221
-0.946278
-0.999018
-0.971188
-0.865032
-0.689111
-0.457615
-0.189211
0.094452
0.370498
0.616663
0.813094
0.94395
0.998677
0.972861
0.868584
0.694256
0.463937
0.196201
-0.0873577
-0.363871
-0.611039
-0.808927
-0.941575
-0.998285
-0.974485
-0.872092
-0.699366
-0.470236
-0.203182
0.080259
0.357227
0.605384
0.804718
0.939152
0.997843
0.976059
0.875556
0.70444
0.476511
0.210152
-0.0731562
-0.350564
-0.599699
-0.800469
-0.936681
-0.99735
-0.977584
-0.878975
-0.709478
-0.482762
-0.217111
0.0660497
0.343884
0.593983
0.796179
0.934162
0.996807
0.979059
0.88235
0.71448
0.488988
0.224059
-0.0589398
-0.337186
-0.588237
-0.791848
-0.931597
-0.996212
-0.980484
-0.88568
-0.719446
-0.49519
-0.230996
0.051827
0.33047
0.582462
0.787477
0.928984
0.995568
0.98186
0.888965
0.724376
0.501366
0.237921
-0.0447115
-0.323739
-0.576656
-0.783067
-0.926323
-0.994872
-0.983185
-0.892205
-0.729269
-0.507517
-0.244835
0.0375938
0.31699
0.570822
0.778616
0.923616
0.994127
0.984461
0.8954
0.734124
0.513642
0.251735
-0.0304741
-0.310226
-0.564958
-0.774126
-0.920862
-0.99333
-0.985687
-0.898549
-0.738943
-0.519742
-0.258623
0.0233529
0.303446
0.559066
0.769597
0.918061
0.992484
0.986863
0.901653
0.743724
0.525814
0.265498
-0.0162305
-0.29665
-0.553145
-0.765029
-0.915214
-0.991587
-0.987989
-0.90471
-0.748467
-0.53186
-0.272359
0.00910733
0.28984
0.547196
0.760422
0.91232
0.99064
0.989065
0.907722
0.753172
0.53788
0.279207
-0.00198366
-0.283014
-0.54122
-0.755776
-0.90938
-0.989642
-0.99009
-0.910688
-0.757839
-0.543871
-0.28604
-0.0051401
0.276175
0.535216
0.751092
0.906393
0.988594
0.991066
0.913608
0.762468
0.549836
0.292859
0.0122636
-0.269321
-0.529185
-0.74637
-0.903361
-0.987496
-0.991991
-0.916481
-0.767058
-0.555772
-0.299663
-0.0193865
0.262454
0.523127
0.74161
0.900283
0.986348
0.992865
0.919308
0.771609
0.56168
0.306452
0.0265084
-0.255573
-0.517042
-0.736813
-0.897159
-0.98515
-0.993689
-0.922088
-0.776121
-0.56756
-0.313225
-0.033629
0.248679
0.510932
0.731977
0.89399
0.983902
0.994463
0.924821
0.780593
0.57341
0.319982
0.0407478
-0.241773
-0.504795
-0.727105
-0.890775
-0.982604
-0.995187
-0.927508
-0.785026
-0.579232
-0.326723
-0.0478646
0.234854
0.498633
0.722196
0.887515
0.981256
0.99586
0.930147
0.789419
0.585024
0.333448
0.0549789
-0.227924
-0.492445
-0.717251
-0.88421
-0.979859
-0.996482
-0.932739
-0.793772
-0.590787
-0.340155
-0.0620905
0.220982
0.486232
0.712268
0.88086
0.978411
0.997054
0.935284
0.798084
0.59652
0.346846
0.0691989
-0.214029
-0.479995
-0.70725
-0.877466
-0.976914
-0.997575
-0.937781
-0.802357
-0.602222
-0.353518
-0.0763038
0.207065
0.473734
0.702196
0.874027
0.975367
0.998045
0.940231
0.806588
0.607894
0.360173
0.0834048
-0.20009
-0.467448
-0.697106
-0.870543
-0.973771
-0.998465
-0.942633
-0.810778
-0.613535
-0.36681
-0.0905016
0.193105
0.461138
0.691981
0.867016
0.972126
0.998834
0.944987
0.814928
0.619145
0.373428
0.0975938
-0.186111
-0.454806
-0.686821
-0.863444
-0.970431
-0.999153
-0.947294
-0.819036
-0.624723
-0.380026
-0.104681
0.179107
0.44845
0.681626
0.859828
0.968687
0.999421
0.949552
0.823102
0.63027
0.386606
0.111763
-0.172094
-0.442071
-0.676396
-0.856169
-0.966893
-0.999638
-0.951762
-0.827127
-0.635784
-0.393166
-0.118839
0.165072
0.43567
0.671132
0.852467
0.965051
0.999804
0.953924
0.831109
0.641267
0.399706
0.12591
-0.158042
-0.429247
-0.665834
-0.848721
-0.96316
-0.99992
-0.956037
-0.83505
-0.646717
-0.406226
-0.132973
0.151003
0.422802
0.660502
0.844932
0.961219
0.999985
0.958102
0.838948
0.652134
0.412725
0.14003
-0.143958
-0.416336
-0.655136
-0.841101
-0.95923
-0.999999
-0.960118
-0.842804
-0.657518
-0.419203
-0.14708
0.136904
0.409848
0.649738
0.837226
0.957193
0.999962
0.962085
0.846616
0.662868
0.42566
0.154123
-0.129844
-0.40334
-0.644306
-0.833309
-0.955106
-0.999875
-0.964004
-0.850386
-0.668185
-0.432096
-0.161158
0.122778
0.396811
0.638842
0.82935
0.952972
0.999737
0.965873
0.854113
0.673468
0.438509
0.168184
-0.115705
-0.390262
-0.633345
-0.825349
-0.950789
-0.999548
-0.967694
-0.857796
-0.678717
-0.4449
-0.175202
0.108626
0.383693
0.627816
0.821306
0.948557
0.999308
0.969466
0.861436
0.683932
0.451269
0.182211
-0.101541
-0.377105
-0.622255
-0.817221
-0.946278
-0.999018
-0.971188
-0.865032
-0.689111
-0.457615
-0.189211
0.094452
0.370498
0.616663
0.813094
0.94395
0.998677
0.972861
0.868584
0.694256
0.463937
0.196201
-0.0873577
-0.363871
-0.611039
-0.808927
-0.941575
-0.998285
-0.974485
-0.872092
-0.699366
-0.470236
-0.203182
0.080259
0.357227
0.605384
0.804718
0.939152
0.997843
0.976059
0.875556
0.70444
0.476511
0.210152
-0.0731562
-0.350564
-0.599699
-0.800469
-0.936681
-0.99735
-0.977584
-0.878975
-0.709478
-0.482762
-0.217111
0.0660497
0.343884
0.593983
0.796179
0.934162
0.996807
0.979059
0.88235
0.71448
0.488988
0.224059
-0.0589398
-0.337186
-0.588237
-0.791848
-0.931597
-0.996212
-0.980484
-0.88568
-0.719446
-0.49519
-0.230996
0.051827
0.33047
0.582462
0.787477
0.928984
0.995568
0.98186
0.888965
0.724376
0.501366
0.237921
-0.0447115
-0.323739
-0.576656
-0.783067
-0.926323
-0.994872
-0.983185
-0.892205
-0.729269
-0.507517
-0.244835
0.0375938
0.31699
0.570822
0.778616
0.923616
0.994127
0.984461
0.8954
0.734124
0.513642
0.251735
-0.0304741
-0.310226
-0.564958
-0.774126
-0.920862
-0.99333
-0.985687
-0.898549
-0.738943
-0.519742
-0.258623
0.0233529
0.303446
0.559066
0.769597
0.918061
0.992484
0.986863
0.901653
0.743724
0.525814
0.265498
-0.0162305
-0.29665
-0.553145
-0.765029
-0.915214
-0.991587
-0.987989
-0.90471
-0.748467
-0.53186
-0.272359
0.00910733
0.28984
0.547196
0.760422
0.91232
0.99064
0.989065
0.907722
0.753172
0.53788
0.279207
-0.00198366
-0.283014
-0.54122
-0.755776
-0.90938
-0.989642
-0.99009
-0.910688
-0.757839
-0.543871
-0.28604
-0.0051401
0.276175
0.535216
0.751092
0.906393
0.988594
0.991066
0.913608
0.762468
0.549836
0.292859
0.0122636
-0.269321
-0.529185
-0.74637
-0.903361
-0.987496
-0.991991
-0.916481
-0.767058
-0.555772
-0.299663
-0.0193865
0.262454
0.523127
0.74161
0.900283
0.986348
0.992865
0.919308
0.771609
0.56168
0.306452
0.0265084
-0.255573
-0.517042
-0.736813
-0.897159
-0.98515
-0.993689
-0.922088
-0.776121
-0.56756
-0.313225
-0.033629
0.248679
0.510932
0.731977
0.89399
0.983902
0.994463
0.924821
0.780593
0.57341
0.319982
0.0407478
-0.241773
-0.504795
-0.727105
-0.890775
-0.982604
-0.995187
-0.927508
-0.785026
-0.579232
-0.326723
-0.0478646
0.234854
0.498633
0.722196
0.887515
0.981256
0.99586
0.930147
0.789419
0.585024
0.333448
0.0549789
-0.227924
-0.492445
-0.717251
-0.88421
-0.979859
-0.996482
-0.932739
-0.793772
-0.590787
-0.340155
-0.0620905
0.220982
0.486232
0.712268
0.88086
0.978411
0.997054
0.935284
0.798084
0.59652
0.346846
0.0691989
-0.214029
-0.479995
-0.70725
-0.877466
-0.976914
-0.997575
-0.937781
-0.802357
-0.602222
-0.353518
-0.0763038
0.207065
0.473734
0.702196
0.874027
0.975367
0.998045
0.940231
0.806588
0.607894
0.360173
0.0834048
-0.20009
-0.467448
-0.697106
-0.870543
-0.973771
-0.998465
-0.942633
-0.810778
-0.613535
-0.36681
-0.0905016
0.193105
0.461138
0.691981
0.867016
0.972126
0.998834
0.944987
0.814928
0.619145
0.373428
0.0975938
-0.186111
-0.454806
-0.686821
-0.863444
-0.970431
-0.999153
-0.947294
-0.819036
-0.624723
-0.380026
-0.104681
0.179107
0.44845
0.681626
0.859828
0.968687
0.999421
0.949552
0.823102
0.63027
0.386606
0.111763
-0.172094
-0.442071
-0.676396
-0.856169
-0.966893
-0.999638
-0.951762
-0.827127
-0.635784
-0.393166
-0.118839
0.165072
0.43567
0.671132
0.852467
0.965051
0.999804
0.953924
0.831109
0.641267
0.399706
0.12591
-0.158042
-0.429247
-0.665834
-0.848721
-0.96316
-0.99992
-0.956037
-0.83505
-0.646717
-0.406226
-0.132973
0.151003
0.422802
0.660502
0.844932
0.961219
0.999985
0.958102
0.838948
0.652134
0.412725
0.14003
-0.143958
-0.416336
-0.655136
-0.841101
-0.95923
-0.999999
-0.960118
-0.842804
-0.657518
-0.419203
-0.14708
0.136904
0.409848
0.649738
0.837226
0.957193
0.999962
0.962085
0.846616
0.662868
0.42566
0.154123
-0.129844
-0.40334
-0.644306
-0.833309
-0.955106
-0.999875
-0.964004
-0.850386
-0.668185
-0.432096
-0.161158
0.122778
0.396811
0.638842
0.82935
0.952972
0.999737
0.965873
0.854113
0.673468
0.438509
0.168184
-0.115705
-0.390262
-0.633345
-0.825349
-0.950789
-0.999548
-0.967694
-0.857796
-0.678717
-0.4449
-0.175202
0.108626
0.383693
0.627816
0.821306
0.948557
0.999308
0.969466
0.861436
0.683932
0.451269
0.182211
-0.101541
-0.377105
-0.622255
-0.817221
-0.946278
-0.999018
-0.971188
-0.865032
-0.689111
-0.457615
-0.189211
0.094452
0.370498
0.616663
0.813094
0.94395
0.998677
0.972861
0.868584
0.694256
0.463937
0.196201
-0.0873577
-0.363871
-0.611039
-0.808927
-0.941575
-0.998285
-0.974485
-0.872092
-0.699366
-0.470236
-0.203182
0.080259
0.357227
0.605384
0.804718
0.939152
0.997843
0.976059
0.875556
0.70444
0.476511
0.210152
-0.0731562
-0.350564
-0.599699
-0.800469
-0.936681
-0.99735
-0.977584
-0.878975
-0.709478
-0.482762
-0.217111
0.0660497
0.343884
0.593983
0.796179
0.934162
0.996807
0.979059
0.88235
0.71448
0.488988
0.224059
-0.0589398
-0.337186
-0.588237
-0.791848
-0.931597
-0.996212
-0.980484
-0.88568
-0.719446
-0.49519
-0.230996
0.051827
0.33047
0.582462
0.787477
0.928984
0.995568
0.98186
0.888965
0.724376
0.501366
0.237921
-0.0447115
-0.323739
-0.576656
-0.783067
-0.926323
-0.994872
-0.983185
-0.892205
-0.729269
-0.507517
-0.244835
0.0375938
0.31699
0.570822
0.778616
0.923616
0.994127
0.984461
0.8954
0.734124
0.513642
0.251735
-0.0304741
-0.310226
-0.564958
-0.774126
-0.920862
-0.99333
-0.985687
-0.898549
-0.738943
-0.519742
-0.258623
0.0233529
0.303446
0.559066
0.769597
0.918061
0.992484
0.986863
0.901653
0.743724
0.525814
0.265498
-0.0162305
-0.29665
-0.553145
-0.765029
-0.915214
-0.991587
-0.987989
-0.90471
-0.748467
-0.53186
-0.272359
0.00910733
0.28984
0.547196
0.760422
0.91232
0.99064
0.989065
0.907722
0.753172
0.53788
0.279207
-0.00198366
-0.283014
-0.54122
-0.755776
-0.90938
-0.989642
-0.99009
-0.910688
-0.757839
-0.543871
-0.28604
-0.0051401
0.276175
0.535216
0.751092
0.906393
0.988594
0.991066
0.913608
0.762468
0.549836
0.292859
0.0122636
-0.269321
-0.529185
-0.74637
-0.903361
-0.987496
-0.991991
-0.916481
-0.767058
-0.555772
-0.299663
-0.0193865
0.262454
0.523127
0.74161
0.900283
0.986348
0.992865
0.919308
0.771609
0.56168
0.306452
0.0265084
-0.255573
-0.517042
-0.736813
-0.897159
-0.98515
-0.993689
-0.922088
-0.776121
-0.56756
-0.313225
-0.033629
0.248679
0.510932
0.731977
0.89399
0.983902
0.994463
0.924821
0.780593
0.57341
0.319982
0.0407478
-0.241773
-0.504795
-0.727105
-0.890775
-0.982604
-0.995187
-0.927508
-0.785026
-0.579232
-0.326723
-0.0478646
0.234854
0.498633
0.722196
0.887515
0.981256
0.99586
0.930147
0.789419
0.585024
0.333448
0.0549789
-0.227924
-0.492445
-0.717251
-0.88421
-0.979859
-0.996482
-0.932739
-0.793772
-0.590787
-0.340155
-0.0620905
0.220982
0.486232
0.712268
0.88086
0.978411
0.997054
0.935284
0.798084
0.59652
0.346846
0.0691989
-0.214029
-0.479995
-0.70725
-0.877466
-0.976914
-0.997575
-0.937781
-0.802357
-0.602222
-0.353518
-0.0763038
0.207065
0.473734
0.702196
0.874027
0.975367
0.998045
0.940231
0.806588
0.607894
0.360173
0.0834048
-0.20009
-0.467448
-0.697106
-0.870543
-0.973771
-0.998465
-0.942633
-0.810778
-0.613535
-0.36681
-0.0905016
0.193105
0.461138
0.691981
0.867016
0.972126
0.998834
0.944987
0.814928
0.619145
0.373428
0.0975938
-0.186111
-0.454806
-0.686821
-0.863444
-0.970431
-0.999153
-0.947294
-0.819036
-0.624723
-0.380026
-0.104681
0.179107
0.44845
0.681626
0.859828
0.968687
0.999421
0.949552
0.823102
0.63027
0.386606
0.111763
-0.172094
-0.442071
-0.676396
-0.856169
-0.966893
-0.999638
-0.951762
-0.827127
-0.635784
-0.393166
-0.118839
0.165072
0.43567
0.671132
0.852467
0.965051
0.999804
0.953924
0.831109
0.641267
0.399706
0.12591
-0.158042
-0.429247
-0.665834
-0.848721
-0.96316
-0.99992
-0.956037
-0.83505
-0.646717
-0.406226
-0.132973
0.151003
0.422802
0.660502
0.844932
0.961219
0.999985
0.958102
0.838948
0.652134
0.412725
0.14003
-0.143958
-0.416336
-0.655136
-0.841101
-0.95923
-0.999999
-0.960118
-0.842804
-0.657518
-0.419203
-0.14708
0.136904
0.409848
0.649738
0.837226
0.957193
0.999962
0.962085
0.846616
0.662868
0.42566
0.154123
-0.129844
-0.40334
-0.644306
-0.833309
-0.955106
-0.999875
-0.964004
-0.850386
-0.668185
-0.432096
-0.161158
0.122778
0.396811
0.638842
0.82935
0.952972
0.999737
0.965873
0.854113
0.673468
0.438509
0.168184
-0.115705
-0.390262
-0.633345
-0.825349
-0.950789
-0.999548
-0.967694
-0.857796
-0.678717
-0.4449
-0.175202
0.108626
0.383693
0.627816
0.821306
0.948557
0.999308
0.969466
0.861436
0.683932
0.451269
0.182211
-0.101541
-0.377105
-0.622255
-0.817221
-0.946278
-0.999018
-0.971188
-0.865032
-0.689111
-0.457615
-0.189211
0.094452
0.370498
0.616663
0.813094
0.94395
0.998677
0.972861
0.868584
0.694256
0.463937
0.196201
-0.0873577
-0.363871
-0.611039
-0.808927
-0.941575
-0.998285
-0.974485
-0.872092
-0.699366
-0.470236
-0.203182
0.080259
0.357227
0.605384
0.804718
0.939152
0.997843
0.976059
0.875556
0.70444
0.476511
0.210152
-0.0731562
-0.350564
-0.599699
-0.800469
-0.936681
-0.99735
-0.977584
-0.878975
-0.709478
-0.482762
-0.217111
0.0660497
0.343884
0.593983
0.796179
0.934162
0.996807
0.979059
0.88235
0.71448
0.488988
0.224059
-0.0589398
-0.337186
-0.588237
-0.791848
-0.931597
-0.996212
-0.980484
-0.88568
-0.719446
-0.49519
-0.230996
0.051827
0.33047
0.582462
0.787477
0.928984
0.995568
0.98186
0.888965
0.724376
0.501366
0.237921
-0.0447115
-0.323739
-0.576656
-0.783067
-0.926323
-0.994872
-0.983185
-0.892205
-0.729269
-0.507517
-0.244835
0.0375938
0.31699
0.570822
0.778616
0.923616
0.994127
0.984461
0.8954
0.734124
0.513642
0.251735
-0.0304741
-0.310226
-0.564958
-0.774126
-0.920862
-0.99333
-0.985687
-0.898549
-0.738943
-0.519742
-0.258623
0.0233529
0.303446
0.559066
0.769597
0.918061
0.992484
0.986863
0.901653
0.743724
0.525814
0.265498
-0.0162305
-0.29665
-0.553145
-0.765029
-0.915214
-0.991587
-0.987989
-0.90471
-0.748467
-0.53186
-0.272359
0.00910733
0.28984
0.547196
0.760422
0.91232
0.99064
0.989065
0.907722
0.753172
0.53788
0.279207
-0.00198366
-0.283014
-0.54122
-0.755776
-0.90938
-0.989642
-0.99009
-0.910688
-0.757839
-0.543871
-0.28604
-0.0051401
0.276175
0.535216
0.751092
0.906393
0.988594
0.991066
0.913608
0.762468
0.549836
0.292859
0.0122636
-0.269321
-0.529185
-0.74637
-0.903361
-0.987496
-0.991991
-0.916481
-0.767058
-0.555772
-0.299663
-0.0193865
0.262454
0.523127
0.74161
0.900283
0.986348
0.992865
0.919308
0.771609
0.56168
0.306452
0.0265084
-0.255573
-0.517042
-0.736813
-0.897159
-0.98515
-0.993689
-0.922088
-0.776121
-0.56756
-0.313225
-0.033629
0.248679
0.510932
0.731977
0.89399
0.983902
0.994463
0.924821
0.780593
0.57341
0.319982
0.0407478
-0.241773
-0.504795
-0.727105
-0.890775
-0.982604
-0.995187
-0.927508
-0.785026
-0.579232
-0.326723
-0.0478646
0.234854
0.498633
0.722196
0.887515
0.981256
0.99586
0.930147
0.789419
0.585024
0.333448
0.0549789
-0.227924
-0.492445
-0.717251
-0.88421
-0.979859
-0.996482
-0.932739
-0.793772
-0.590787
-0.340155
-0.0620905
0.220982
0.486232
0.712268
0.88086
0.978411
0.997054
0.935284
0.798084
0.59652
0.346846
0.0691989
-0.214029
-0.479995
-0.70725
-0.877466
-0.976914
-0.997575
-0.937781
-0.802357
-0.602222
-0.353518
-0.0763038
0.207065
0.473734
0.702196
0.874027
0.975367
0.998045
0.940231
0.806588
0.607894
0.360173
0.0834048
-0.20009
-0.467448
-0.697106
-0.870543
-0.973771
-0.998465
-0.942633
-0.810778
-0.613535
-0.36681
-0.0905016
0.193105
0.461138
0.691981
0.867016
0.972126
0.998834
0.944987
0.814928
0.619145
0.373428
0.0975938
-0.186111
-0.454806
-0.686821
-0.863444
-0.970431
-0.999153
-0.947294
-0.819036
-0.624723
-0.380026
-0.104681
0.179107
0.44845
0.681626
0.859828
0.968687
0.999421
0.949552
0.823102
0.63027
0.386606
0.111763
-0.172094
-0.442071
-0.676396
-0.856169
-0.966893
-0.999638
-0.951762
-0.827127
-0.635784
-0.393166
-0.118839
0.165072
0.43567
0.671132
0.852467
0.965051
0.999804
0.953924
0.831109
0.641267
0.399706
0.12591
-0.158042
-0.429247
-0.665834
-0.848721
-0.96316
-0.99992
-0.956037
-0.83505
-0.646717
-0.406226
-0.132973
0.151003
0.422802
0.660502
0.844932
0.961219
0.999985
0.958102
0.838948
0.652134
0.412725
0.14003
-0.143958
-0.416336
-0.655136
-0.841101
-0.95923
-0.999999
-0.960118
-0.842804
-0.657518
-0.419203
-0.14708
0.136904
0.409848
0.649738
0.837226
0.957193
0.999962
0.962085
0.846616
0.662868
0.42566
0.154123
-0.129844
-0.40334
-0.644306
-0.833309
-0.955106
-0.999875
-0.964004
-0.850386
-0.668185
-0.432096
-0.161158
0.122778
0.396811
0.638842
0.82935
0.952972
0.999737
0.965873
0.854113
0.673468
0.438509
0.168184
-0.115705
-0.390262
-0.633345
-0.825349
-0.950789
-0.999548
-0.967694
-0.857796
-0.678717
-0.4449
-0.175202
0.108626
0.383693
0.627816
0.821306
0.948557
0.999308
0.969466
0.861436
0.683932
0.451269
0.182211
-0.101541
-0.377105
-0.622255
-0.817221
-0.946278
-0.999018
-0.971188
-0.865032
-0.689111
-0.457615
-0.189211
0.094452
0.370498
0.616663
0.813094
0.94395
0.998677
0.972861
0.868584
0.694256
0.463937
0.196201
-0.0873577
-0.363871
-0.611039
-0.808927
-0.941575
-0.998285
-0.974485
-0.872092
-0.699366
-0.470236
-0.203182
0.080259
0.357227
0.605384
0.804718
0.939152
0.997843
0.976059
0.875556
0.70444
0.476511
0.210152
-0.0731562
-0.350564
-0.599699
-0.800469
-0.936681
-0.99735
-0.977584
-0.878975
-0.709478
-0.482762
-0.217111
0.0660497
0.343884
0.593983
0.796179
0.934162
0.996807
0.979059
0.88235
0.71448
0.488988
0.224059
-0.0589398
-0.337186
-0.588237
-0.791848
-0.931597
-0.996212
-0.980484
-0.88568
-0.719446
-0.49519
-0.230996
0.051827
0.33047
0.582462
0.787477
0.928984
0.995568
0.98186
0.888965
0.724376
0.501366
0.237921
-0.0447115
-0.323739
-0.576656
-0.783067
-0.926323
-0.994872
-0.983185
-0.892205
-0.729269
-0.507517
-0.244835
0.0375938
0.31699
0.570822
0.778616
0.923616
0.994127
0.984461
0.8954
0.734124
0.513642
0.251735
-0.0304741
-0.310226
-0.564958
-0.774126
-0.920862
-0.99333
-0.985687
-0.898549
-0.738943
-0.519742
-0.258623
0.0233529
0.303446
0.559066
0.769597
0.918061
0.992484
0.986863
0.901653
0.743724
0.525814
0.265498
-0.0162305
-0.29665
-0.553145
-0.765029
-0.915214
-0.991587
-0.987989
-0.90471
-0.748467
-0.53186
-0.272359
0.00910733
0.28984
0.547196
0.760422
0.91232
0.99064
0.989065
0.907722
0.753172
0.53788
0.279207
-0.00198366
-0.283014
-0.54122
-0.755776
-0.90938
-0.989642
-0.99009
-0.910688
-0.757839
-0.543871
-0.28604
-0.0051401
0.276175
0.535216
0.751092
0.906393
0.988594
0.991066
0.913608
0.762468
0.549836
0.292859
0.0122636
-0.269321
-0.529185
-0.74637
-0.903361
-0.987496
-0.991991
-0.916481
-0.767058
-0.555772
-0.299663
-0.0193865
0.262454
0.523127
0.74161
0.900283
0.986348
0.992865
0.919308
0.771609
0.56168
0.306452
0.0265084
-0.255573
-0.517042
-0.736813
-0.897159
-0.98515
-0.993689
-0.922088
-0.776121
-0.56756
-0.313225
-0.033629
0.248679
0.510932
0.731977
0.89399
0.983902
0.994463
0.924821
0.780593
0.57341
0.319982
0.0407478
-0.241773
-0.504795
-0.727105
-0.890775
-0.982604
-0.995187
-0.927508
-0.785026
-0.579232
-0.326723
-0.0478646
0.234854
0.498633
0.722196
0.887515
0.981256
0.99586
0.930147
0.789419
0.585024
0.333448
0.0549789
-0.227924
-0.492445
-0.717251
-0.88421
-0.979859
-0.996482
-0.932739
-0.793772
-0.590787
-0.340155
-0.0620905
0.220982
0.486232
0.712268
0.88086
0.978411
0.997054
0.935284
0.798084
0.59652
0.346846
0.0691989
-0.214029
-0.479995
-0.70725
-0.877466
-0.976914
-0.997575
-0.937781
-0.802357
-0.602222
-0.353518
-0.0763038
0.207065
0.473734
0.702196
0.874027
0.975367
0.998045
0.940231
0.806588
0.607894
0.360173
0.0834048
-0.20009
-0.467448
-0.697106
-0.870543
-0.973771
-0.998465
-0.942633
-0.810778
-0.613535
-0.36681
-0.0905016
0.193105
0.461138
0.691981
0.867016
0.972126
0.998834
0.944987
0.814928
0.619145
0.373428
0.0975938
-0.186111
-0.454806
-0.686821
-0.863444
-0.970431
-0.999153
-0.947294
-0.819036
-0.624723
-0.380026
-0.104681
0.179107
0.44845
0.681626
0.859828
0.968687
0.999421
0.949552
0.823102
0.63027
0.386606
0.111763
-0.172094
-0.442071
-0.676396
-0.856169
-0.966893
-0.999638
-0.951762
-0.827127
-0.635784
-0.393166
-0.118839
0.165072
0.43567
0.671132
0.852467
0.965051
0.999804
0.953924
0.831109
0.641267
0.399706
0.12591
-0.158042
-0.429247
-0.665834
-0.848721
-0.96316
-0.99992
-0.956037
-0.83505
-0.646717
-0.406226
-0.132973
0.151003
0.422802
0.660502
0.844932
0.961219
0.999985
0.958102
0.838948
0.652134
0.412725
0.14003
-0.143958
-0.416336
-0.655136
-0.841101
-0.95923
-0.999999
-0.960118
-0.842804
-0.657518
-0.419203
-0.14708
0.136904
0.409848
0.649738
0.837226
0.957193
0.999962
0.962085
0.846616
0.662868
0.42566
0.154123
-0.129844
-0.40334
-0.644306
-0.833309
-0.955106
-0.999875
-0.964004
-0.850386
-0.668185
-0.432096
-0.161158
0.122778
0.396811
0.638842
0.82935
0.952972
0.999737
0.965873
0.854113
0.673468
0.438509
0.168184
-0.115705
-0.390262
-0.633345
-0.825349
-0.950789
-0.999548
-0.967694
-0.857796
-0.678717
-0.4449
-0.175202
0.108626
0.383693
0.627816
0.821306
0.948557
0.999308
0.969466
0.861436
0.683932
0.451269
0.182211
-0.101541
-0.377105
-0.622255
-0.817221
-0.946278
-0.999018
-0.971188
-0.865032
-0.689111
-0.457615
-0.189211
0.094452
0.370498
0.616663
0.813094
0.94395
0.998677
0.972861
0.868584
0.694256
0.463937
0.196201
-0.0873577
-0.363871
-0.611039
-0.808927
-0.941575
-0.998285
-0.974485
-0.872092
-0.699366
-0.470236
-0.203182
0.080259
0.357227
0.605384
0.804718
0.939152
0.997843
0.976059
0.875556
0.70444
0.476511
0.210152
-0.0731562
-0.350564
-0.599699
-0.800469
-0.936681
-0.99735
-0.977584
-0.878975
-0.709478
-0.482762
-0.217111
0.0660497
0.343884
0.593983
0.796179
0.934162
0.996807
0.979059
0.88235
0.71448
0.488988
0.224059
-0.0589398
-0.337186
-0.588237
-0.791848
-0.931597
-0.996212
-0.980484
-0.88568
-0.719446
-0.49519
-0.230996
0.051827
0.33047
0.582462
0.787477
0.928984
0.995568
0.98186
0.888965
0.724376
0.501366
0.237921
-0.0447115
-0.323739
-0.576656
-0.783067
-0.926323
-0.994872
-0.983185
-0.892205
-0.729269
-0.507517
-0.244835
0.0375938
0.31699
0.570822
0.778616
0.923616
0.994127
0.984461
0.8954
0.734124
0.513642
0.251735
-0.0304741
-0.310226
-0.564958
-0.774126
-0.920862
-0.99333
-0.985687
-0.898549
-0.738943
-0.519742
-0.258623
0.0233529
0.303446
0.559066
0.769597
0.918061
0.992484
0.986863
0.901653
0.743724
0.525814
0.265498
-0.0162305
-0.29665
-0.553145
-0.765029
-0.915214
-0.991587
-0.987989
-0.90471
-0.748467
-0.53186
-0.272359
0.00910733
0.28984
0.547196
0.760422
0.91232
0.99064
0.989065
0.907722
0.753172
0.53788
0.279207
-0.00198366
-0.283014
-0.54122
-0.755776
-0.90938
-0.989642
-0.99009
-0.910688
-0.757839
-0.543871
-0.28604
-0.0051401
0.276175
0.535216
0.751092
0.906393
0.988594
0.991066
0.913608
0.762468
0.549836
0.292859
0.0122636
-0.269321
-0.529185
-0.74637
-0.903361
-0.987496
-0.991991
-0.916481
-0.767058
-0.555772
-0.299663
-0.0193865
0.262454
0.523127
0.74161
0.900283
0.986348
0.992865
0.919308
0.771609
0.56168
0.306452
0.0265084
-0.255573
-0.517042
-0.736813
-0.897159
-0.98515
-0.993689
-0.922088
-0.776121
-0.56756
-0.313225
-0.033629
0.248679
0.510932
0.731977
0.89399
0.983902
0.994463
0.924821
0.780593
0.57341
0.319982
0.0407478
-0.241773
-0.504795
-0.727105
-0.890775
-0.982604
-0.995187
-0.927508
-0.785026
-0.579232
-0.326723
-0.0478646
0.234854
0.498633
0.722196
0.887515
0.981256
0.99586
0.930147
0.789419
0.585024
0.333448
0.0549789
-0.227924
-0.492445
-0.717251
-0.88421
-0.979859
-0.996482
-0.932739
-0.793772
-0.590787
-0.340155
-0.0620905
0.220982
0.486232
0.712268
0.88086
0.978411
0.997054
0.935284
0.798084
0.59652
0.346846
0.0691989
-0.214029
-0.479995
-0.70725
-0.877466
-0.976914
-0.997575
-0.937781
-0.802357
-0.602222
-0.353518
-0.0763038
0.207065
0.473734
0.702196
0.874027
0.975367
0.998045
0.940231
0.806588
0.607894
0.360173
0.0834048
-0.20009
-0.467448
-0.697106
-0.870543
-0.973771
-0.998465
-0.942633
-0.810778
-0.613535
-0.36681
-0.0905016
0.193105
0.461138
0.691981
0.867016
0.972126
0.998834
0.944987
0.814928
0.619145
0.373428
0.0975938
-0.186111
-0.454806
-0.686821
-0.863444
-0.970431
-0.999153
-0.947294
-0.819036
-0.624723
-0.380026
-0.104681
0.179107
0.44845
0.681626
0.859828
0.968687
0.999421
0.949552
0.823102
0.63027
0.386606
0.111763
-0.172094
-0.442071
-0.676396
-0.856169
-0.966893
-0.999638
-0.951762
-0.827127
-0.635784
-0.393166
-0.118839
0.165072
0.43567
0.671132
0.852467
0.965051
0.999804
0.953924
0.831109
0.641267
0.399706
0.12591
-0.158042
-0.429247
-0.665834
-0.848721
-0.96316
-0.99992
-0.956037
-0.83505
-0.646717
-0.406226
-0.132973
0.151003
0.422802
0.660502
0.844932
0.961219
0.999985
0.958102
0.838948
0.652134
0.412725
0.14003
-0.143958
-0.416336
-0.655136
-0.841101
-0.95923
-0.999999
-0.960118
-0.842804
-0.657518
-0.419203
-0.14708
0.136904
0.409848
0.649738
0.837226
0.957193
0.999962
0.962085
0.846616
0.662868
0.42566
0.154123
-0.129844
-0.40334
-0.644306
-0.833309
-0.955106
-0.999875
-0.964004
-0.850386
-0.668185
-0.432096
-0.161158
0.122778
0.396811
0.638842
0.82935
0.952972
0.999737
0.965873
0.854113
0.673468
0.438509
0.168184
-0.115705
-0.390262
-0.633345
-0.825349
-0.950789
-0.999548
-0.967694
-0.857796
-0.678717
-0.4449
-0.175202
0.108626
0.383693
0.627816
0.821306
0.948557
0.999308
0.969466
0.861436
0.683932
0.451269
0.182211
-0.101541
-0.377105
-0.622255
-0.817221
-0.946278
-0.999018
-0.971188
-0.865032
-0.689111
-0.457615
-0.189211
0.094452
0.370498
0.616663
0.813094
0.94395
0.998677
0.972861
0.868584
0.694256
0.463937
0.196201
-0.0873577
-0.363871
-0.611039
-0.808927
-0.941575
-0.998285
-0.974485
-0.872092
-0.699366
-0.470236
-0.203182
0.080259
0.357227
0.605384
0.804718
0.939152
0.997843
0.976059
0.875556
0.70444
0.476511
0.210152
-0.0731562
-0.350564
-0.599699
-0.800469
-0.936681
-0.99735
-0.977584
-0.878975
-0.709478
-0.482762
-0.217111
0.0660497
0.343884
0.593983
0.796179
0.934162
0.996807
0.979059
0.88235
0.71448
0.488988
0.224059
-0.0589398
-0.337186
-0.588237
-0.791848
-0.931597
-0.996212
-0.980484
-0.88568
-0.719446
-0.49519
-0.230996
0.051827
0.33047
0.582462
0.787477
0.928984
0.995568
0.98186
0.888965
0.724376
0.501366
0.237921
-0.0447115
-0.323739
-0.576656
-0.783067
-0.926323
-0.994872
-0.983185
-0.892205
-0.729269
-0.507517
-0.244835
0.0375938
0.31699
0.570822
0.778616
0.923616
0.994127
0.984461
0.8954
0.734124
0.513642
0.251735
-0.0304741
-0.310226
-0.564958
-0.774126
-0.920862
-0.99333
-0.985687
-0.898549
-0.738943
-0.519742
-0.258623
0.0233529
0.303446
0.559066
0.769597
0.918061
0.992484
0.986863
0.901653
0.743724
0.525814
0.265498
-0.0162305
-0.29665
-0.553145
-0.765029
-0.915214
-0.991587
-0.987989
-0.90471
-0.748467
-0.53186
-0.272359
0.00910733
0.28984
0.547196
0.760422
0.91232
0.99064
0.989065
0.907722
0.753172
0.53788
0.279207
-0.00198366
-0.283014
-0.54122
-0.755776
-0.90938
-0.989642
-0.99009
-0.910688
-0.757839
-0.543871
-0.28604
-0.0051401
0.276175
0.535216
0.751092
0.906393
0.988594
0.991066
0.913608
0.762468
0.549836
0.292859
0.0122636
-0.269321
-0.529185
-0.74637
-0.903361
-0.987496
-0.991991
-0.916481
-0.767058
-0.555772
-0.299663
-0.0193865
0.262454
0.523127
0.74161
0.900283
0.986348
0.992865
0.919308
0.771609
0.56168
0.306452
0.0265084
-0.255573
-0.517042
-0.736813
-0.897159
-0.98515
-0.993689
-0.922088
-0.776121
-0.56756
-0.313225
-0.033629
0.248679
0.510932
0.731977
0.89399
0.983902
0.994463
0.924821
0.780593
0.57341
0.319982
0.0407478
-0.241773
-0.504795
-0.727105
-0.890775
-0.982604
-0.995187
-0.927508
-0.785026
-0.579232
-0.326723
-0.0478646
0.234854
0.498633
0.722196
0.887515
0.981256
0.99586
0.930147
0.789419
0.585024
0.333448
0.0549789
-0.227924
-0.492445
-0.717251
-0.88421
-0.979859
-0.996482
-0.932739
-0.793772
-0.590787
-0.340155
-0.0620905
0.220982
0.486232
0.712268
0.88086
0.978411
0.997054
0.935284
0.798084
0.59652
0.346846
0.0691989
-0.214029
-0.479995
-0.70725
-0.877466
-0.976914
-0.997575
-0.937781
-0.802357
-0.602222
-0.353518
-0.0763038
0.207065
0.473734
0.702196
0.874027
0.975367
0.998045
0.940231
0.806588
0.607894
0.360173
0.0834048
-0.20009
-0.467448
-0.697106
-0.870543
-0.973771
-0.998465
-0.942633
-0.810778
-0.613535
-0.36681
-0.0905016
0.193105
0.461138
0.691981
0.867016
0.972126
0.998834
0.944987
0.814928
0.619145
0.373428
0.0975938
-0.186111
-0.454806
-0.686821
-0.863444
-0.970431
-0.999153
-0.947294
-0.819036
-0.624723
-0.380026
-0.104681
0.179107
0.44845
0.681626
0.859828
0.968687
0.999421
0.949552
0.823102
0.63027
0.386606
0.111763
-0.172094
-0.442071
-0.676396
-0.856169
-0.966893
-0.999638
-0.951762
-0.827127
-0.635784
-0.393166
-0.118839
0.165072
0.43567
0.671132
0.852467
0.965051
0.999804
0.953924
0.831109
0.641267
0.399706
0.12591
-0.158042
-0.429247
-0.665834
-0.848721
-0.96316
-0.99992
-0.956037
-0.83505
-0.646717
-0.406226
-0.132973
0.151003
0.422802
0.660502
0.844932
0.961219
0.999985
0.958102
0.838948
0.652134
0.412725
0.14003
-0.143958
-0.416336
-0.655136
-0.841101
-0.95923
-0.999999
-0.960118
-0.842804
-0.657518
-0.419203
-0.14708
0.136904
0.409848
0.649738
0.837226
0.957193
0.999962
0.962085
0.846616
0.662868
0.42566
0.154123
-0.129844
-0.40334
-0.644306
-0.833309
-0.955106
-0.999875
-0.964004
-0.850386
-0.668185
-0.432096
-0.161158
0.122778
0.396811
0.638842
0.82935
0.952972
0.999737
0.965873
0.854113
0.673468
0.438509
0.168184
-0.115705
-0.390262
-0.633345
-0.825349
-0.950789
-0.999548
-0.967694
-0.857796
-0.678717
-0.4449
-0.175202
0.108626
0.383693
0.627816
0.821306
0.948557
0.999308
0.969466
0.861436
0.683932
0.451269
0.182211
-0.101541
-0.377105
-0.622255
-0.817221
-0.946278
-0.999018
-0.971188
-0.865032
-0.689111
-0.457615
-0.189211
0.094452
0.370498
0.616663
0.813094
0.94395
0.998677
0.972861
0.868584
0.694256
0.463937
0.196201
-0.0873577
-0.363871
-0.611039
-0.808927
-0.941575
-0.998285
-0.974485
-0.872092
-0.699366
-0.470236
-0.203182
0.080259
0.357227
0.605384
0.804718
0.939152
0.997843
0.976059
0.875556
0.70444
0.476511
0.210152
-0.0731562
-0.350564
-0.599699
-0.800469
-0.936681
-0.99735
-0.977584
-0.878975
-0.709478
-0.482762
-0.217111
0.0660497
0.343884
0.593983
0.796179
0.934162
0.996807
0.979059
0.88235
0.71448
0.488988
0.224059
-0.0589398
-0.337186
-0.588237
-0.791848
-0.931597
-0.996212
-0.980484
-0.88568
-0.719446
-0.49519
-0.230996
0.051827
0.33047
0.582462
0.787477
0.928984
0.995568
0.98186
0.888965
0.724376
0.501366
0.237921
-0.0447115
-0.323739
-0.576656
-0.783067
-0.926323
-0.994872
-0.983185
-0.892205
-0.729269
-0.507517
-0.244835
0.0375938
