3.27717
-0.00541907
2.95842
868738
-3.19675
22118.4
0.871235
279748
-1.0036
14745.4
0.508851
165489
-0.584701
11304.8
0.356731
117123
-0.409421
9268.3
0.273424
90470.8
-0.313652
7906.05
0.221041
73614.9
-0.253482
6923.4
0.185157
62003.4
-0.212256
6177.16
0.159044
53524
-0.182328
5589.22
0.139195
47063.4
-0.159598
5112.65
0.123671
41979
-0.141834
4717.56
0.111146
37874.9
-0.127484
4384.35
0.100912
34493.2
-0.115713
4098.88
0.0922957
31659.3
-0.1059
3851.53
0.0850366
29250.6
-0.0975283
3634.82
0.078782
27178.2
-0.0904355
3443.09
0.0733326
25376.6
-0.0842036
3272.38
0.0686339
23796.2
-0.0787971
3119.2
0.0644353
22398.6
-0.0739731
2980.77
0.0606958
21154.1
-0.069729
2855.26
0.0573681
20038.8
-0.0659598
2740.61
0.0543733
19033.7
-0.0625189
2635.67
0.0516646
18123.5
-0.0594062
2539.14
0.049236
17295
-0.0565903
2449.86
0.0469679
16538
-0.0540248
2367.27
0.0449226
15843.7
-0.0516872
2290.52
0.0430235
15204.4
-0.049518
2218.85
0.0413015
14614.1
-0.0475151
2152.04
0.0396998
14067.2
-0.0456596
2089.29
0.0381952
13559.1
-0.0439693
2030.5
0.0367836
13086.1
-0.0423914
1975.16
0.0354934
12644.4
-0.0408979
1922.99
0.0342953
12231
-0.0395073
1873.72
0.0331685
11843.6
-0.0382103
1827.13
0.0320931
11479.4
-0.0369628
1782.84
0.0311028
11136.7
-0.03586
1740.97
0.0301228
10813.5
-0.034767
1701.01
0.0293011
10508.2
-0.0337148
1663.11
0.0284172
10219.6
-0.0328087
1626.99
0.0276211
9945.97
-0.0318602
1592.37
0.026869
9686.39
-0.031037
1559.44
0.0261294
9439.92
-0.0301902
1527.91
0.0255017
9205.31
-0.0294169
1497.73
0.0248296
8982.06
-0.0286718
1468.83
0.0242094
8769.05
-0.0279601
1440.96
0.0236073
8565.73
-0.0273169
1414.34
0.0230637
8371.6
-0.0266691
1388.76
0.0225153
8185.79
-0.0260321
1364.01
0.0220491
8007.89
-0.0254366
1340.32
0.0215492
7837.56
-0.0248716
1317.47
0.0210425
7674.03
-0.0243565
1295.43
0.0205997
7517.22
-0.0238542
1274.2
0.0201956
7366.43
-0.0233186
1253.57
0.0197659
7221.45
-0.0228247
1233.77
0.0193831
7082.1
-0.0224113
1214.63
0.0189614
6947.79
-0.0219736
1195.97
0.0185948
6818.37
-0.0215416
1178.05
0.0182519
6693.72
-0.0211372
1160.66
0.0179154
6573.3
-0.0207354
1143.82
0.0175707
6457.2
-0.0203319
1127.51
0.0172537
6344.91
-0.0200082
1111.55
0.0169211
6236.38
-0.0196265
1096.21
0.0166764
6131.56
-0.0192765
1081.31
0.0163599
6029.99
-0.018942
1066.69
0.0161109
5931.65
-0.0186054
1052.62
0.015802
5836.54
-0.0183513
1038.91
0.0155367
5744.19
-0.0180048
1025.58
0.0153193
5654.82
-0.0177318
1012.63
0.0150639
5567.98
-0.0174276
999.881
0.0148058
5483.72
-0.0171597
987.61
0.0145755
5402.04
-0.0169151
975.655
0.0143534
5322.56
-0.0166529
963.86
0.0141623
5245.33
-0.0163742
952.493
0.0139457
5170.38
-0.0161433
941.384
0.0137252
5097.34
-0.0158987
930.544
0.0135119
5026.44
-0.015695
919.993
0.0133246
4957.3
-0.0154522
909.552
0.013145
4889.98
-0.0152378
899.493
0.0129731
4824.56
-0.0150175
889.673
0.0127917
4760.68
-0.0148244
879.93
0.0125885
4698.42
-0.0146312
870.545
0.0124061
4637.87
-0.0144235
861.343
0.0122755
4578.64
-0.0142354
852.338
0.0121271
4521.04
-0.0140447
843.561
0.01194
4464.68
-0.0138339
834.831
0.0118049
4409.68
-0.0137087
826.43
0.0116092
4356.11
-0.0135205
818.204
0.0115215
4303.65
-0.0133266
810.005
0.0113457
4252.4
-0.0131838
802.112
0.0112204
4202.45
-0.0129972
794.351
0.0110813
4153.47
-0.0128868
786.746
0.010909
4105.74
-0.0127095
779.319
0.0108175
4058.93
-0.0125857
771.897
0.0106763
4013.13
-0.012404
764.763
0.0105604
3968.47
-0.0122562
757.766
0.0104136
3924.62
-0.0121581
750.757
0.0102857
3881.69
-0.0120194
744.018
0.0101837
3839.79
-0.0118487
737.378
0.0101055
3798.6
-0.0117188
730.859
0.00996467
3758.42
-0.0115918
724.488
0.00986599
3718.91
-0.0114633
718.091
0.00975394
3680.19
-0.0113535
711.952
0.00965485
3642.39
-0.0112227
705.924
0.00956182
3605.18
-0.0110746
699.863
0.00945287
3568.73
-0.0109882
694.064
0.00933278
3532.99
-0.010904
688.207
0.00922752
3497.89
-0.0107796
682.587
0.00915391
3463.6
-0.0106469
677.062
0.00908507
3429.81
-0.0105327
671.485
0.00896171
3396.64
-0.010416
666.143
0.00888437
3364.23
-0.0103568
660.889
0.0087899
3332.27
-0.0102115
655.58
0.00872707
3300.91
-0.0101355
650.523
0.00861286
3270.11
-0.0100333
645.382
0.00856004
3239.83
-0.00990064
640.452
0.00845731
3210.22
-0.00987531
635.608
0.00835579
3180.98
-0.00974198
630.694
0.00832231
3152.24
-0.0096537
625.998
0.00823623
3124.14
-0.00954616
621.375
0.0081308
3096.38
-0.00947013
616.681
0.00805601
3069.11
-0.00942728
612.223
0.00798759
3042.3
-0.00931777
607.665
0.00792127
3015.9
-0.00921568
603.315
0.00786491
2990.07
-0.00912971
599.03
0.0077894
2964.52
-0.00905164
594.652
0.00771633
2939.38
-0.00897953
590.491
0.00763219
2914.78
-0.00892391
586.389
0.00757681
2890.44
-0.00884429
582.203
0.00751239
2866.5
-0.00872729
578.242
0.00746401
2842.94
-0.00866736
574.17
0.00738097
2819.72
-0.00860978
570.294
0.00730684
2796.99
-0.00853699
566.471
0.00727695
2774.47
-0.00845792
562.555
0.00720114
2752.28
-0.00841169
558.836
0.00712
2730.58
-0.00830664
555.169
0.0070819
2709.05
-0.00827908
551.411
0.00699572
2687.87
-0.00818748
547.859
0.00700388
2667
-0.0080869
544.196
0.00691261
2646.41
-0.0080815
540.719
0.0068623
2626.25
-0.00795533
537.287
0.00679791
2606.24
-0.00795637
533.754
0.00672254
2586.52
-0.00788148
530.41
0.00669399
2567.21
-0.00782477
527.109
0.00664302
2548.04
-0.00773752
523.708
0.00656946
2529.17
-0.007688
520.516
0.00653838
2510.55
-0.00764677
517.196
0.00646789
2492.16
-0.00758971
514.058
0.00643458
2474.16
-0.00750195
510.958
0.00643429
2456.26
-0.00744604
507.75
0.00634913
2438.61
-0.00738927
504.725
0.00628056
2421.33
-0.00736017
501.737
0.00623588
2404.14
-0.00732322
498.643
0.00620893
2387.2
-0.00722685
495.752
0.00617827
2370.49
-0.00715083
492.728
0.00611709
2353.97
-0.00715547
489.879
0.00605491
2337.8
-0.00711036
487.063
0.00600213
2321.69
-0.00705643
484.135
0.00599518
2305.78
-0.00698722
481.383
0.00594726
2290.23
-0.00694411
478.664
0.00588132
2274.72
-0.00687547
475.835
0.00585986
2259.44
-0.00687689
473.203
0.00577943
2244.35
-0.00679504
470.434
0.00580461
2229.42
-0.00674286
467.838
0.00572121
2214.81
-0.00670044
465.262
0.00574155
2200.23
-0.00661819
462.57
0.00564994
2185.82
-0.00664507
460.047
0.00560204
2171.73
-0.00655341
457.523
0.00561694
2157.64
-0.00651583
455.025
0.00554534
2143.87
-0.00647106
452.577
0.00551755
2130.14
-0.00642233
450.028
0.0054603
2116.57
-0.00642788
447.646
0.00540817
2103.3
-0.0063699
445.288
0.00540644
2090.04
-0.00630938
442.808
0.00538028
2076.94
-0.00626499
440.494
0.00533558
2064.12
-0.00621392
438.176
0.00528663
2051.28
-0.00621081
435.881
0.0052588
2038.75
-0.00614241
433.637
0.00524576
2026.22
-0.00611777
431.275
0.00520414
2013.84
-0.0060617
429.081
0.00516779
2001.73
-0.00603884
426.909
0.00512905
1989.61
-0.00600081
424.613
0.00507539
1977.63
-0.00597899
422.48
0.00506911
1965.92
-0.00593556
420.34
0.00505721
1954.17
-0.00587876
418.221
0.00501288
1942.71
-0.00582431
416.151
0.00498854
1931.23
-0.00582909
413.959
0.00491898
1919.88
-0.00579178
411.934
0.00493179
1908.8
-0.00574233
409.932
0.00487869
1897.72
-0.00571858
407.783
0.00486611
1886.61
-0.00564976
405.813
0.00483829
1875.9
-0.0056711
403.832
0.00477359
1865.11
-0.00561055
401.869
0.0047866
1854.59
-0.00559251
399.951
0.00473653
1844.03
-0.00554423
397.91
0.00471236
1833.59
-0.00551682
396.033
0.00468417
1823.39
-0.00548721
394.172
0.00463486
1813.15
-0.00547521
392.183
0.00461852
1803.02
-0.00541637
390.352
0.0046314
1793.12
-0.00539074
388.51
0.00456906
1783.16
-0.00536753
386.685
0.00453018
1773.46
-0.00534776
384.904
0.00451433
1763.72
-0.00532101
382.998
0.00448365
1754.07
-0.00529384
381.254
0.00446689
1744.67
-0.00523104
379.526
0.00445104
1735.21
-0.00521724
377.673
0.00441518
1725.87
-0.00519653
376.003
0.00439585
1716.63
-0.00516982
374.18
0.00437617
1707.43
-0.0051211
372.513
0.00436999
1698.49
-0.00510095
370.861
0.0043054
1689.46
-0.00506133
369.077
0.00431276
1680.52
-0.00507026
367.453
0.00426595
1671.82
-0.00499719
365.844
0.00428398
1663.05
-0.00498707
364.106
0.00423287
1654.39
-0.00496615
362.55
0.00422981
1645.81
-0.00490782
360.84
0.00419091
1637.28
-0.00493866
359.285
0.00415564
1628.97
-0.0048699
357.744
0.00416714
1620.6
-0.00486498
356.075
0.00413746
1612.3
-0.00481107
354.549
0.00409101
1604.2
-0.00480553
353.041
0.00407391
1596.05
-0.00481201
351.405
0.00405513
1587.99
-0.00476284
349.949
0.00403434
1580.01
-0.00472222
348.338
0.00404053
1572.06
-0.00468726
346.88
0.00401334
1564.33
-0.00467468
345.434
0.00398365
1556.52
-0.00465587
343.854
0.00395556
1548.78
-0.00465037
342.436
0.00393845
1541.25
-0.00461619
341.01
0.0039224
1533.65
-0.00457426
339.472
0.00392289
1526.13
-0.00455106
338.11
0.00388189
1518.68
-0.00453764
336.59
0.00384362
1511.27
-0.0045392
335.222
0.00385752
1504.06
-0.00448421
333.865
0.00383683
1496.76
-0.00447813
332.372
0.00380532
1489.52
-0.00442008
331.035
0.00379555
1482.49
-0.00446529
329.709
0.00371892
1475.38
-0.00443753
328.251
0.00377528
1468.36
-0.00435117
326.971
0.00373745
1461.39
-0.00437305
325.533
0.0037305
1454.45
-0.004313
324.246
0.00368977
1447.7
-0.00435362
322.969
0.00364354
1440.87
-0.00431221
321.556
0.00366601
1434.09
-0.00429969
320.297
0.0036462
1427.51
-0.00426416
319.048
0.00360503
1420.84
-0.00423364
317.667
0.00359318
1414.25
-0.00425712
316.464
0.00356191
1407.72
-0.00421922
315.105
0.00355733
1401.21
-0.00417932
313.878
0.00358457
1394.89
-0.00415727
312.678
0.00354745
1388.47
-0.00413119
311.337
0.00349978
1382.1
-0.00413637
310.15
0.00349587
1375.93
-0.00413316
308.972
0.00350586
1369.67
-0.00407785
307.66
0.00347582
1363.48
-0.00403712
306.524
0.00346152
1357.33
-0.0040616
305.229
0.00343132
1351.21
-0.0040478
304.083
0.00339903
1345.27
-0.00403006
302.944
0.00341023
1339.23
-0.00400484
301.669
0.00339555
1333.24
-0.00397907
300.546
0.0033632
1327.44
-0.00395565
299.431
0.00335998
1321.54
-0.0039741
298.182
0.00331808
1315.71
-0.00392297
297.108
0.00335628
1309.92
-0.00390047
295.874
0.0033076
1304.15
-0.00387842
294.789
0.00334443
1298.55
-0.00383311
293.709
0.0032728
1292.86
-0.00389376
292.49
0.00325415
1287.2
-0.00382987
291.419
0.00327813
1281.74
-0.00381749
290.327
0.00324539
1276.13
-0.00379096
289.242
0.0032409
1270.73
-0.00376884
288.191
0.00320709
1265.23
-0.00378359
287.004
0.00319537
1259.77
-0.003763
285.965
0.00319762
1254.5
-0.00371909
284.947
0.00320027
1249.12
-0.00370731
283.786
0.00316366
1243.77
-0.00370343
282.771
0.00312466
1238.61
-0.00370439
281.734
0.00312874
1233.31
-0.00367568
280.703
0.00312225
1228.21
-0.00365072
279.707
0.0031237
1223.01
-0.00363486
278.576
0.00308758
1217.85
-0.00363677
277.596
0.0030745
1212.87
-0.00361527
276.622
0.00303434
1207.77
-0.00361216
275.509
0.00304936
1202.71
-0.00359659
274.543
0.00305736
1197.82
-0.00356056
273.556
0.00302314
1192.8
-0.00352798
272.574
0.00302604
1187.98
-0.00355465
271.626
0.00296944
1183.05
-0.00353212
270.542
0.00301126
1178.17
-0.00349131
269.61
0.00298173
1173.44
-0.00349116
268.684
0.00296532
1168.61
-0.00345579
267.617
0.00296467
1163.81
-0.00348624
266.698
0.00290288
1159.18
-0.00344881
265.756
0.002946
1154.41
-0.0034478
264.819
0.00291835
1149.85
-0.00340712
263.916
0.00291064
1145.17
-0.00340981
262.877
0.00287378
1140.52
-0.00340466
261.989
0.0028537
1136.04
-0.00340209
261.106
0.002861
1131.45
-0.00336825
260.083
0.00286295
1126.89
-0.0033563
259.206
0.00283355
1122.5
-0.00334362
258.306
0.00281316
1117.97
-0.00335069
257.412
0.00280582
1113.63
-0.00331797
256.55
0.00280349
1109.18
-0.00332075
255.553
0.00279795
1104.76
-0.0032619
254.706
0.00278309
1100.51
-0.00329118
253.864
0.00276028
1096.15
-0.00328448
252.886
0.00274841
1091.8
-0.00325452
252.034
0.0027611
1087.63
-0.00322148
251.179
0.00276338
1083.32
-0.00321511
250.324
0.00272926
1079.2
-0.00317965
249.501
0.00273409
1074.96
-0.00321736
248.542
0.00269503
1070.75
-0.00316937
247.733
0.00273857
1066.7
-0.00316105
246.928
0.00267677
1062.54
-0.00315881
245.982
0.00269904
1058.41
-0.0031254
245.182
0.00265764
1054.43
-0.0031609
244.358
0.0026464
1050.32
-0.00311087
243.539
0.00267326
1046.4
-0.00310039
242.752
0.00264769
1042.35
-0.00307291
241.828
0.00263492
1038.34
-0.00307701
241.054
0.00261547
1034.49
-0.00309863
240.284
0.0026052
1030.52
-0.00305535
239.373
0.00260802
1026.57
-0.00303013
238.607
0.00261288
1022.78
-0.00302382
237.818
0.0025799
1018.85
-0.00301078
237.034
0.00257805
1015.11
-0.00301565
236.287
0.00254716
1011.27
-0.00301174
235.387
0.00256293
1007.41
-0.00299024
234.633
0.00254022
1003.75
-0.00297385
233.923
0.00253089
999.963
-0.00296467
233.029
0.00251661
996.224
-0.00296678
232.352
0.00250081
992.507
-0.00294496
231.465
0.00251995
988.782
-0.00292876
230.769
0.0025007
985.219
-0.00293622
230.03
0.00247732
981.529
-0.00288829
229.188
0.00248255
977.852
-0.00292682
228.496
0.00243175
974.379
-0.00290646
227.768
0.00248305
970.746
-0.00284998
226.949
0.00244802
967.169
-0.00288621
226.256
0.00243085
963.612
-0.00284383
225.445
0.00242079
960.046
-0.00289564
224.732
0.00237531
956.642
-0.00285512
224.068
0.00241418
953.11
-0.00284056
223.217
0.00240617
949.598
-0.0028056
222.558
0.00238786
946.249
-0.00280974
221.854
0.00236532
942.778
-0.00282298
221.028
0.0023509
939.354
-0.002807
220.468
0.00234619
935.949
-0.0027738
219.649
0.00239905
932.532
-0.00273982
218.958
0.002374
929.274
-0.00275137
218.319
0.00231066
925.888
-0.00275873
217.495
0.00232872
922.52
-0.00274694
216.864
0.00233806
919.315
-0.00272963
216.193
0.00231988
915.985
-0.00268492
215.428
0.00231363
912.701
-0.00272335
214.789
0.0022795
909.434
-0.00271835
214.031
0.00226485
906.155
-0.00269855
213.372
0.00228505
903.034
-0.00269425
212.762
0.00227733
899.784
-0.00267914
211.963
0.00225
896.55
-0.00265373
211.359
0.0022403
893.478
-0.00269408
210.712
0.00221787
890.281
-0.00264011
209.972
0.00227622
887.128
-0.00261848
209.358
0.00221785
883.99
-0.00262268
208.623
0.00226605
880.839
-0.00257524
207.988
0.00221022
877.845
-0.00264032
207.4
0.00218376
874.72
-0.00259638
206.622
0.00221614
871.609
-0.00259967
206.034
0.00218722
868.655
-0.00256301
205.375
0.0021942
865.547
-0.00255957
204.765
0.00217603
862.622
-0.00255933
204.139
0.00217072
859.57
-0.00255241
203.421
0.00217863
856.533
-0.00251973
202.806
0.00217916
853.656
-0.00252584
202.241
0.00214291
850.648
-0.00252325
201.495
0.00212552
847.654
-0.00253034
200.9
0.00213639
844.816
-0.00249095
200.273
0.00215641
841.825
-0.00247587
199.688
0.00213449
839.017
-0.00247821
199.096
0.00212256
836.089
-0.00247641
198.372
0.00210059
833.138
-0.00248363
197.798
0.00205873
830.393
-0.00247452
197.227
0.00210144
827.471
-0.00246511
196.513
0.00211427
824.608
-0.00242601
195.943
0.00207819
821.854
-0.00240709
195.347
0.00208446
818.992
-0.0024541
194.754
0.00202747
816.265
-0.00242153
194.192
0.00208977
813.454
-0.00239723
193.49
0.00203755
810.612
-0.00241836
192.937
0.00203589
807.973
-0.00237717
192.387
0.00204237
805.156
-0.00239814
191.693
0.00201079
802.396
-0.00238061
191.142
0.0020391
799.745
-0.00238309
190.566
0.00201483
796.985
-0.00235195
189.993
0.00200881
794.358
-0.00235584
189.449
0.00198475
791.648
-0.00236667
188.767
0.0019661
788.905
-0.0023602
188.233
0.00197839
786.365
-0.0023274
187.701
0.00200513
783.645
-0.00232186
187.025
0.00196857
780.983
-0.00231293
186.493
0.00195993
778.428
-0.00231475
185.936
0.0019555
775.763
-0.0023023
185.38
0.00195402
773.231
-0.00229928
184.855
0.00195786
770.615
-0.00226247
184.19
0.0019512
767.965
-0.00228885
183.674
0.00190814
765.517
-0.0022959
183.159
0.00189567
762.89
-0.00228055
182.501
0.00193144
760.318
-0.00225628
181.987
0.00193363
757.854
-0.00223402
181.446
0.0019036
755.278
-0.00222142
180.908
0.00191331
752.835
-0.00225439
180.399
0.00187212
750.307
-0.00222911
179.752
0.00190021
747.744
-0.0022176
179.252
0.00187715
745.381
-0.0022175
178.754
0.00189324
742.83
-0.00217321
178.113
0.00186998
740.374
-0.00223023
177.615
0.00184658
737.985
-0.00217168
177.091
0.00190065
735.492
-0.00217621
176.568
0.00185657
733.132
-0.00215451
176.076
0.00183888
730.687
-0.00215933
175.444
0.00183965
728.207
-0.00218261
174.96
0.00182958
725.929
-0.00216481
174.478
0.00182343
723.469
-0.00214078
173.852
0.00182744
721.064
-0.0021248
173.37
0.00182301
718.765
-0.00211782
172.861
0.00181918
716.354
-0.00213602
172.355
0.00178794
714.075
-0.0021302
171.878
0.00180881
711.709
-0.00211609
171.262
0.00179436
709.309
-0.00209805
170.795
0.00179199
707.11
-0.00209112
170.33
0.0017752
704.734
-0.00210557
169.726
0.00175032
702.441
-0.00209595
169.291
0.00178264
700.111
-0.00208736
168.69
0.00177123
697.807
-0.00207104
168.233
0.00174075
695.607
-0.00205249
167.775
0.0017639
693.308
-0.00207705
167.165
0.00171271
691.009
-0.00206294
166.74
0.00177978
688.864
-0.0020119
166.27
0.00173037
686.586
-0.00204852
165.706
0.00173982
684.344
-0.00201252
165.264
0.00172396
682.11
-0.00204894
164.702
0.00169384
679.858
-0.00202472
164.238
0.00172296
677.755
-0.00203317
163.821
0.00169731
675.515
-0.00200379
163.214
0.00169593
673.283
-0.0019837
162.799
0.00169465
671.205
-0.00201038
162.342
0.00167079
668.994
-0.00201374
161.789
0.00166817
666.82
-0.00196756
161.361
0.00170629
664.653
-0.00198395
160.811
0.00167408
662.467
-0.00195351
160.36
0.00164527
660.43
-0.00198236
159.955
0.00166121
658.255
-0.00196794
159.361
0.00166912
656.087
-0.00194675
158.959
0.00165587
654.064
-0.00192011
158.514
0.00164664
651.947
-0.00195629
157.974
0.00162372
649.827
-0.00195274
157.558
0.00160037
647.723
-0.00194515
157.021
0.00164036
645.599
-0.00192509
156.582
0.0016415
643.625
-0.00192576
156.189
0.00160998
641.513
-0.00187851
155.607
0.00162472
639.409
-0.00192477
155.217
0.00158734
637.457
-0.00189662
154.783
0.00162144
635.372
-0.00189815
154.255
0.00157867
633.323
-0.00188608
153.851
0.00163055
631.281
-0.00184213
153.326
0.00158329
629.218
-0.0018973
152.898
0.0015673
627.304
-0.00186141
152.517
0.00160293
625.251
-0.00185989
151.946
0.0015819
623.205
-0.00184918
151.568
0.00156327
621.313
-0.00184118
151.146
0.0015585
619.286
-0.00186263
150.629
0.0015509
617.294
-0.00184309
150.236
0.00156625
615.309
-0.00181125
149.722
0.00158086
613.303
-0.00180052
149.305
0.00155154
611.445
-0.00181345
148.935
0.00154303
609.449
-0.00182266
148.375
0.00151751
607.459
-0.00181189
148.008
0.0015417
605.621
-0.00180347
147.596
0.00154166
603.65
-0.00177637
147.09
0.0015304
601.712
-0.00179804
146.708
0.0014949
599.782
-0.00181753
146.204
0.00147088
597.83
-0.00179386
145.798
0.00152135
596.025
-0.00178412
145.439
0.00151796
594.082
-0.00175959
144.89
0.00149184
592.145
-0.00173974
144.532
0.00149895
590.36
-0.00178295
144.131
0.00147088
588.44
-0.00173788
143.636
0.00152118
586.555
-0.00173372
143.264
0.0014716
584.676
-0.00175589
142.771
0.00148151
582.775
-0.00171233
142.375
0.00146738
581.022
-0.00176177
142.027
0.00143539
579.131
-0.00172431
141.498
0.00147081
577.252
-0.00174129
141.127
0.00145521
575.482
-0.00171314
140.691
0.00145626
573.599
-0.0017035
140.296
0.00142901
571.844
-0.00172761
139.922
0.00141657
569.999
-0.00170872
139.407
0.00143383
568.115
-0.00168774
139.039
0.00146524
566.429
-0.0016817
138.672
0.00141539
564.557
-0.00168956
138.16
0.00141676
562.737
-0.00170306
137.791
0.00139543
561.021
-0.00169119
137.395
0.00140227
559.192
-0.00168061
137
0.00142148
557.519
-0.0016293
136.632
0.00141993
555.616
-0.00165763
136.124
0.00139761
553.814
-0.00167494
135.765
0.0013751
552.179
-0.00166788
135.407
0.0014054
550.355
-0.0016289
134.904
0.00139953
548.581
-0.00164172
134.544
0.00136669
546.907
-0.00161835
134.156
0.00138532
545.117
-0.00165532
133.77
0.00134775
543.454
-0.00162408
133.413
0.00139468
541.7
-0.00160987
132.915
0.00136387
539.906
-0.0016176
132.564
0.0013787
538.309
-0.00156596
132.214
0.0013777
536.526
-0.00161624
131.72
0.00133513
534.793
-0.00159645
131.368
0.00137605
533.161
-0.00159413
130.989
0.00135901
531.413
-0.00157078
130.611
0.00133427
529.792
-0.00157308
130.262
0.00132548
528.08
-0.00161684
129.773
0.00130956
526.328
-0.00158915
129.431
0.0013249
524.771
-0.00155629
129.089
0.00135759
523.03
-0.00154286
128.603
0.00133122
521.338
-0.00153605
128.26
0.00132369
519.747
-0.00156891
127.889
0.00130139
518.04
-0.00154799
127.52
0.00132392
516.459
-0.0015359
127.179
0.0013302
514.788
-0.00151327
126.699
0.00132001
513.077
-0.00151947
126.366
0.00129496
511.562
-0.00154069
126.036
0.00128014
509.865
-0.00152779
125.564
0.00129869
508.238
-0.00152712
125.263
0.00129258
506.609
-0.00151302
124.794
0.00127654
504.964
-0.00148495
124.468
0.00129245
503.427
-0.00152825
124.142
0.00124017
501.796
-0.00151116
123.672
0.00130859
500.124
-0.00146406
123.348
0.00125803
498.648
-0.00151692
123.025
0.00125686
496.99
-0.00147074
122.562
0.00126308
495.409
-0.00150528
122.266
0.00122937
493.786
-0.00147259
121.802
0.00127828
492.176
-0.00148357
121.473
0.00123536
490.704
-0.00145854
121.181
0.00123276
489.09
-0.00145745
120.698
0.00122554
487.48
-0.00149188
120.406
0.00121618
486.019
-0.00147345
120.07
0.00121603
484.421
-0.0014498
119.638
0.00125218
482.856
-0.00144311
119.329
0.00122706
481.294
-0.00142951
118.899
0.00120683
479.709
-0.00144544
118.566
0.00119877
478.27
-0.00144737
118.279
0.00124025
476.689
-0.00142056
117.801
0.00120827
475.112
-0.00139203
117.515
0.00122399
473.685
-0.00143385
117.185
0.00117362
472.121
-0.00144081
116.76
0.00117703
470.589
-0.00141704
116.458
0.00120526
469.06
-0.00140521
116.034
0.00120047
467.509
-0.0014164
115.707
0.00116697
466.102
-0.00138408
115.426
0.00117925
464.554
-0.00141691
114.955
0.00115461
463.01
-0.00138725
114.676
0.00120146
461.615
-0.00137275
114.352
0.0011606
460.084
-0.001385
113.934
0.00120535
458.584
-0.00133499
113.638
0.00115831
457.088
-0.00140645
113.221
0.00113509
455.568
-0.00135926
112.9
0.00117641
454.193
-0.00136958
112.626
0.00116856
452.676
-0.00134231
112.162
0.00113726
451.163
-0.00134549
111.889
0.0011441
449.8
-0.00136963
111.574
0.0011293
448.299
-0.0013565
111.171
0.0011493
446.829
-0.00132678
110.852
0.00114986
445.364
-0.00133365
110.451
0.00113289
443.874
-0.00132238
110.138
0.0011237
442.529
-0.00133719
109.87
0.00112062
441.043
-0.00131647
109.412
0.00113577
439.56
-0.00131382
109.145
0.00113322
438.226
-0.00130877
108.834
0.00112645
436.755
-0.00131815
108.427
0.00109929
435.315
-0.00131253
108.143
0.00108715
433.878
-0.00130516
107.738
0.00111309
432.418
-0.00130866
107.43
0.00112114
431.102
-0.00128783
107.167
0.00110733
429.644
-0.00124454
106.714
0.0011149
428.189
-0.00131098
106.452
0.0010604
426.884
-0.00128259
106.146
0.00111553
425.44
-0.00126316
105.745
0.00107581
424.028
-0.00128464
105.466
0.00108426
422.619
-0.00125821
105.066
0.00108093
421.186
-0.00128324
104.762
0.00105622
419.897
-0.00124761
104.503
0.00109987
418.464
-0.00126003
104.053
0.00107971
417.034
-0.00123763
103.79
0.0010699
415.749
-0.00124146
103.455
0.00104028
414.299
-0.00127215
103.165
0.0010375
413.021
-0.00126748
102.859
0.00104688
411.604
-0.00122424
102.46
0.0010759
410.193
-0.00122287
102.17
0.00105014
408.938
-0.00122272
101.888
0.00104654
407.503
-0.00122895
101.462
0.00104207
406.119
-0.001224
101.179
0.00104224
404.834
-0.00122059
100.869
0.00104897
403.43
-0.00118315
100.56
0.00103977
402.152
-0.00121159
100.28
0.00101967
400.781
-0.00122773
99.8587
0.00100609
399.368
-0.00122277
99.5842
0.00101971
398.149
-0.00119503
99.3105
0.00103541
396.743
-0.00118953
98.8922
0.00100632
395.384
-0.00117463
98.6168
0.00101599
394.125
-0.0012049
98.322
0.000997081
392.746
-0.00117166
97.9892
0.00102665
391.492
-0.00118691
97.7236
0.000994208
390.146
-0.00118411
97.3094
0.00101757
388.758
-0.00113674
97.0405
0.000993664
387.563
-0.00120324
96.7718
0.000970152
386.181
-0.00115394
96.3579
0.00101724
384.846
-0.0011575
96.0857
0.00100697
383.61
-0.00112677
95.7862
0.000972047
382.256
-0.00114931
95.4872
0.00096944
381.026
-0.00117809
95.2167
0.000973191
379.703
-0.00115128
94.8055
0.000977019
378.338
-0.00112761
94.5406
0.00099046
377.166
-0.00111722
94.2762
0.000988147
375.806
-0.00111184
93.8667
0.000973541
374.495
-0.00113151
93.599
0.000942729
373.282
-0.00115427
93.304
0.000955691
371.949
-0.00112993
93.0095
0.000957994
370.742
-0.00110342
92.7435
0.000972242
369.441
-0.00110285
92.3368
0.000939552
368.098
-0.00111522
92.0763
0.000944405
366.948
-0.00111654
91.8164
0.000951639
365.611
-0.00109472
91.4113
0.000955841
364.321
-0.00111612
91.148
0.000921854
363.129
-0.0010831
90.8574
0.00093212
361.819
-0.00112064
90.5673
0.000894375
360.633
-0.00110241
90.3056
0.000958842
359.353
-0.00105026
89.9031
0.000928347
358.031
-0.00110432
89.6469
0.000923434
356.903
-0.00105506
89.3912
0.000920755
355.586
-0.00110836
88.9903
0.00087234
354.317
-0.00108599
88.7312
0.000927765
353.146
-0.00107799
88.4446
0.000902721
351.855
-0.00106227
88.1585
0.0008995
350.69
-0.00104767
87.9007
0.000901942
349.43
-0.00108496
87.5021
0.000879146
348.128
-0.00107414
87.2496
0.000885028
347.019
-0.00104239
86.9974
0.000928603
345.72
-0.00103847
86.5996
0.000896072
344.468
-0.00102952
86.3428
0.000877193
343.304
-0.00104723
86.0574
0.000875416
342.051
-0.00106716
85.7634
0.000885398
340.92
-0.00100954
85.5266
0.00091494
339.649
-0.000986742
85.1409
0.00087778
338.414
-0.0010459
84.903
0.000863649
337.336
-0.00104588
84.6811
0.000842982
336.056
-0.0010369
84.2396
0.000874095
334.807
-0.00101481
84.045
0.000882481
333.626
-0.00101342
83.6693
0.00084398
332.419
-0.00100626
83.4449
0.000849395
331.29
-0.00104641
83.113
0.000812337
330.02
-0.00100529
82.8558
0.00087369
328.817
-0.00100618
82.5923
0.000835965
327.761
-0.000994098
82.3743
0.000880253
326.5
-0.000958212
81.9651
0.000836311
325.264
-0.00102154
81.6368
0.000815733
324.074
-0.00098267
81.4144
0.000862993
323.029
-0.000989023
81.2033
0.000827184
321.782
-0.00097183
80.7731
0.00084376
320.579
-0.000956891
80.6038
0.00082903
319.362
-0.000982845
80.1749
0.000816281
318.18
-0.000972416
79.9648
0.000838097
317.126
-0.000960734
79.7401
0.000833919
315.944
-0.000952917
79.3833
0.00083081
314.701
-0.000938487
79.093
0.00080816
313.606
-0.000970818
78.8828
0.000805301
312.437
-0.000953129
78.5183
0.00081538
311.298
-0.000955781
78.3349
0.000811164
310.096
-0.000935326
77.9051
0.000818348
308.868
-0.000937934
77.6965
0.000803998
307.849
-0.000944303
77.4747
0.000773908
306.686
-0.00093894
77.121
0.000800242
305.46
-0.000929375
76.834
0.000819881
304.382
-0.000919593
76.6269
0.000803354
303.23
-0.000895606
76.2657
0.000800288
302.107
-0.000935421
76.0855
0.000758841
300.922
-0.000929078
75.659
0.00079977
299.71
-0.000904482
75.4534
0.000776029
298.707
-0.000924897
75.2348
0.000790254
297.56
-0.000873188
74.8842
0.00078925
296.35
-0.000924535
74.6001
0.00074273
295.287
-0.000896697
74.3959
0.000796226
294.15
-0.000903262
74.0373
0.000775469
293.043
-0.000877227
73.8591
0.000774779
291.872
-0.000884179
73.4337
0.000751381
290.672
-0.000906592
73.2259
0.000739334
289.666
-0.000900497
72.9796
0.000738832
288.577
-0.000891731
72.7578
0.000771434
287.452
-0.000882673
72.4018
0.000727186
286.275
-0.000884531
72.1382
0.000736164
285.181
-0.000895928
71.8487
0.000722083
284.075
-0.000886344
71.6295
0.000735923
282.963
-0.000886281
71.3324
0.000733723
281.849
-0.000855262
71.0556
0.000733446
280.73
-0.000865886
70.7672
0.000716107
279.683
-0.000888963
70.553
0.00071269
278.564
-0.000868353
70.2764
0.00072722
277.473
-0.000846069
69.9422
0.000747014
276.3
-0.000846982
69.6738
0.000703308
275.279
-0.000830057
69.4649
0.000724992
274.171
-0.000881766
69.1914
0.000684981
273.088
-0.000832666
68.8594
0.00074645
271.923
-0.000822004
68.593
0.000712659
270.909
-0.000837158
68.3859
0.000721768
269.808
-0.000803835
68.114
0.000699674
268.732
-0.000860919
67.7836
0.000689089
267.574
-0.000812962
67.5187
0.000724731
266.568
-0.000827179
67.3131
0.000704488
265.473
-0.000798547
67.0428
0.000679013
264.404
-0.000824244
66.7138
0.000679224
263.252
-0.00083955
66.4504
0.000687817
262.253
-0.000812053
66.2462
0.00067494
261.165
-0.000812982
65.9773
0.000698062
260.102
-0.000786993
65.6498
0.000693047
258.957
-0.000784711
65.3877
0.000684211
257.964
-0.00079441
65.1849
0.000670278
256.883
-0.000815096
64.9173
0.000673558
255.827
-0.000794194
64.5912
0.000673771
254.688
-0.00077
64.3305
0.000694332
253.702
-0.000775519
64.129
0.000652081
252.626
-0.000785744
63.8628
0.000658796
251.576
-0.000782773
63.5379
0.000679982
250.444
-0.000763407
63.2786
0.00067905
249.464
-0.000766724
63.0785
0.000662555
248.395
-0.000745649
62.8135
0.00066463
247.351
-0.000782421
62.49
0.000614355
246.225
-0.000776975
62.2319
0.000694586
245.251
-0.000716668
62.0331
0.000658981
244.188
-0.000765423
61.7695
0.000641251
243.15
-0.000737948
61.4473
0.000641524
242.03
-0.000780271
61.1906
0.000608725
241.062
-0.000748038
60.9931
0.000645739
240.004
-0.000759751
60.7309
0.00063538
238.973
-0.000738688
60.4102
0.000621861
237.859
-0.000736149
60.1551
0.000618805
236.896
-0.000757151
59.9595
0.000611021
235.845
-0.000741618
59.6998
0.000612827
234.819
-0.000724261
59.3838
0.000660476
233.711
-0.000713331
59.1489
0.000634537
232.753
-0.000705455
58.8958
0.000595079
231.706
-0.000730188
58.6553
0.000610371
230.686
-0.000739748
58.3405
0.000619708
229.584
-0.00070871
58.0889
0.000621358
228.633
-0.000676451
57.896
0.000611714
227.593
-0.000722569
57.6382
0.000598312
226.58
-0.000722222
57.3231
0.000576099
225.497
-0.000715277
57.0843
0.000607275
224.479
-0.000714247
56.82
0.000606405
223.52
-0.00069042
56.6395
0.000582843
222.497
-0.000683588
56.3089
0.000594416
221.417
-0.000719538
56.0686
0.00056562
220.403
-0.000683044
55.8045
0.000622022
219.449
-0.000672783
55.6246
0.000575462
218.431
-0.000678043
55.2948
0.000617129
217.356
-0.000653218
55.0555
0.000559029
216.347
-0.000717416
54.7923
0.00055008
215.398
-0.000666539
54.6133
0.000605184
214.386
-0.000667904
54.2845
0.000570853
213.315
-0.000661504
54.0462
0.000584989
212.311
-0.000645615
53.784
0.000549508
211.368
-0.000681265
53.6061
0.000569094
210.36
-0.000658635
53.2783
0.000577251
209.295
-0.00063877
53.041
0.000576826
208.296
-0.000648488
52.7798
0.000557356
207.358
-0.000646777
52.6029
0.000546528
206.355
-0.000654043
52.2761
0.000561101
205.296
-0.0006419
52.0398
0.000552193
204.303
-0.000637227
51.7797
0.000564922
203.372
-0.000623414
51.604
0.000559713
202.392
-0.000632171
51.2775
0.00054643
201.284
-0.0006396
51.0414
0.000510662
200.312
-0.000650232
50.7824
0.000528736
199.386
-0.000642884
50.6075
0.000562967
198.394
-0.000614583
50.2827
0.000529684
197.343
-0.000597858
50.0483
0.000544888
196.359
-0.000634586
49.79
0.000505114
195.434
-0.000622333
49.616
0.000550101
194.445
-0.00059961
49.292
0.0005235
193.399
-0.000611609
49.0586
0.000531861
192.418
-0.000582605
48.8012
0.0005347
191.498
-0.000626114
48.628
0.00049268
190.513
-0.00059382
48.305
0.000523319
189.471
-0.000622789
48.0723
0.000514981
188.495
-0.000586852
47.8158
0.000513227
187.579
-0.000593142
47.6435
0.00049882
186.599
-0.000599285
47.3213
0.000485685
185.56
-0.000598861
47.0895
0.000508687
184.588
-0.000576913
46.8337
0.000517773
183.676
-0.000582876
46.6621
0.00048664
182.7
-0.000591326
46.3406
0.000474363
181.666
-0.000593931
46.1095
0.000477871
180.698
-0.000599501
45.8543
0.00047883
179.789
-0.000590556
45.6831
0.000487282
178.817
-0.00054915
45.3616
0.000482514
177.786
-0.000587597
45.1298
0.000462739
176.82
-0.000588983
44.872
0.000473857
175.912
-0.000562861
44.6838
0.000485181
174.927
-0.000553854
44.4162
0.000488179
173.953
-0.000557048
44.1684
0.000465887
172.973
-0.000531361
43.9078
0.000478671
172.066
-0.000578505
43.719
0.000449026
171.083
-0.000536456
43.4516
0.000494652
170.112
-0.000537282
43.2043
0.000458458
169.136
-0.000551518
42.9445
0.000473645
168.233
-0.000517543
42.7566
0.000451922
167.254
-0.000565216
42.4904
0.000444469
166.287
-0.000527315
42.2447
0.000482533
165.316
-0.000519164
41.9873
0.000471025
164.417
-0.000503361
41.8041
0.000448896
163.446
-0.000524875
41.5584
0.000438627
162.502
-0.000540009
41.255
0.000447381
161.475
-0.000520565
41.0173
0.000450894
160.6
-0.00050732
40.8391
0.000462345
159.636
-0.000497866
40.5963
0.000442944
158.697
-0.000496843
40.2952
0.000452847
157.676
-0.000503154
40.0602
0.000425201
156.805
-0.000518345
39.8865
0.000448655
155.845
-0.000496529
39.6637
0.000438857
154.909
-0.000493988
39.3048
0.000426009
153.89
-0.000495924
39.0887
0.00041424
153.023
-0.000520268
38.9158
0.000403351
152.066
-0.000496278
38.6759
0.000436745
151.135
-0.000479763
38.3765
0.000434729
150.12
-0.000481899
38.1421
0.000432303
149.256
-0.000448219
37.9666
0.000432074
148.303
-0.000503222
37.726
0.000378596
147.374
-0.00048726
37.4267
0.000448267
146.363
-0.000434709
37.1926
0.000415863
145.502
-0.000490058
37.0176
0.000409838
144.552
-0.00044742
36.7776
0.000398525
143.627
-0.000509005
36.4788
0.000362084
142.619
-0.00047095
36.2454
0.000411162
141.761
-0.000480341
36.0709
0.000397107
140.814
-0.000452778
35.8316
0.000392175
139.892
-0.000443339
35.5334
0.000379536
138.887
-0.000477584
35.3006
0.000370335
138.033
-0.000469774
35.1268
0.000374699
137.089
-0.000439571
34.888
0.000428809
136.17
-0.000430802
34.5904
0.000397216
135.168
-0.000430192
34.3582
0.00036149
134.317
-0.00044838
34.185
0.000381524
133.376
-0.000449443
33.9467
0.00038854
132.46
-0.000434586
33.6497
0.000386893
131.461
-0.000394354
33.4178
0.0003808
130.612
-0.000439343
33.2447
0.000350438
129.675
-0.0004495
33.0061
0.000354638
128.762
-0.000429596
32.7068
0.000370231
127.766
-0.000433046
32.4588
0.000373397
126.922
-0.000427977
32.3401
0.000342879
125.989
-0.000415223
32.0873
0.000345461
125.082
-0.00044177
31.7922
0.000335261
124.107
-0.000409225
31.5778
0.000395869
123.211
-0.00039788
31.3536
0.000332137
122.297
-0.000400317
31.1362
0.000390483
121.397
-0.000364971
30.848
0.000347836
120.425
-0.000430721
30.6365
0.000326827
119.533
-0.000391304
30.4137
0.00036451
118.621
-0.000406938
30.1968
0.000331674
117.722
-0.000386721
29.908
0.000342851
116.749
-0.000374178
29.6934
0.000332084
115.84
-0.000405235
29.4525
0.000325591
114.989
-0.000397978
29.295
0.000341184
114.073
-0.000361654
28.987
0.000360768
113.099
-0.000372306
28.7692
0.000315274
112.191
-0.000379304
28.5273
0.000312726
111.342
-0.000387305
28.3694
0.000328388
110.428
-0.000362677
28.0615
0.000326595
109.456
-0.000373403
27.8439
0.000330237
108.549
-0.000350035
27.6022
0.000330554
107.702
-0.000368714
27.4447
0.000302334
106.791
-0.000370413
27.1371
0.000277011
105.821
-0.000375414
26.9199
0.000326249
104.917
-0.000357995
26.6786
0.000333098
104.072
-0.000345932
26.5215
0.000308948
103.162
-0.000321666
26.2143
0.000316274
102.195
-0.000368821
25.9975
0.000271139
101.293
-0.000348381
25.7567
0.000330277
100.45
-0.000331053
25.6
0.000287479
99.5427
-0.00035545
25.2932
0.000293036
98.577
-0.000322541
25.0768
0.000301918
97.677
-0.000346947
24.8364
0.000270676
96.8364
-0.000328914
24.6801
0.000312587
95.9311
-0.000336629
24.3738
0.000294856
94.9675
-0.000310828
24.1579
0.000290971
94.0694
-0.000323813
23.9179
0.000264086
93.2308
-0.000345203
23.762
0.000248979
92.3274
-0.000335649
23.4561
0.000281829
91.3657
-0.000307829
23.2405
0.000299694
90.4695
-0.000304944
23.0009
0.00027172
89.6326
-0.000308052
22.8454
0.000267283
88.731
-0.000314746
22.5399
0.000266746
87.7709
-0.000309843
22.3247
0.000260531
86.8762
-0.000322299
22.0855
0.000265188
86.0405
-0.000287661
21.9303
0.000263888
85.1394
-0.000312926
21.6251
0.000239494
84.1777
-0.000320431
21.41
0.000228134
83.2657
-0.000324017
21.1719
0.00026393
82.4905
-0.000282691
21.0179
0.000273521
81.5732
-0.000285574
20.7129
0.000228115
80.6132
-0.000279182
20.4983
0.000253244
79.7209
-0.0003146
20.2598
0.000228668
78.8887
-0.000270698
20.1053
0.000268241
77.992
-0.000273596
19.8009
0.000237326
77.037
-0.000282323
19.5867
0.000259899
76.1477
-0.000244215
19.3485
0.000230183
75.3176
-0.000307865
19.1942
0.00021927
74.4229
-0.000252141
18.8899
0.000266812
73.4694
-0.000263654
18.6755
0.000238785
72.5812
-0.000242746
18.4357
0.000230948
71.7509
-0.000248995
18.2678
0.000225176
70.8447
-0.000283292
18.0364
0.00022127
69.9647
-0.000265401
17.7468
0.00021798
69.0015
-0.000242188
17.5225
0.000236611
68.189
-0.000233512
17.3574
0.000216896
67.2867
-0.000245598
17.1272
0.00022486
66.4089
-0.000248061
16.8382
0.000204399
65.4476
-0.000256691
16.6144
0.00022441
64.6367
-0.000235344
16.4496
0.000217636
63.7359
-0.00022241
16.2197
0.000229271
62.8596
-0.000215169
15.931
0.000196002
61.8996
-0.000246594
15.7074
0.000189436
61.0901
-0.000237963
15.5427
0.000214276
60.1906
-0.000238761
15.3128
0.00021238
59.3156
-0.000216181
15.0237
0.000190697
58.3569
-0.000200301
14.7992
0.000205694
57.5485
-0.000243913
14.6317
0.000155892
56.6501
-0.000242271
14.3848
0.000212971
55.777
-0.000188294
14.149
0.000192117
54.8203
-0.00021727
13.9085
0.00019935
54.013
-0.00018058
13.7413
0.000184832
53.1158
-0.000233843
13.5109
0.000155227
52.2432
-0.000219512
13.2224
0.000197003
51.2868
-0.000207608
12.9993
0.00017221
50.4808
-0.00020048
12.8354
0.000160819
49.5848
-0.000192415
12.6065
0.000164827
48.7132
-0.000212535
12.3188
0.000155792
47.7579
-0.000217807
12.0963
0.000150463
46.953
-0.000176013
11.9329
0.000201048
46.058
-0.000184338
11.7043
0.000181465
45.1875
-0.000165701
11.417
0.000140048
44.2331
-0.000194641
11.1948
0.000153842
43.4291
-0.000198709
11.0316
0.000171139
42.5351
-0.000164865
10.8034
0.000171339
41.6655
-0.000146839
10.5162
0.000157539
40.7121
-0.000194984
10.2943
0.000131008
39.909
-0.000185849
10.1314
0.000111987
39.0159
-0.000195036
9.90334
0.000154696
38.1471
-0.00017066
9.61646
0.00015756
37.1946
-0.00015566
9.39479
0.000136172
36.3924
-0.00014534
9.23209
0.00014463
35.5001
-0.00018473
9.00432
0.000114067
34.6322
-0.000156624
8.71772
0.000146789
33.6805
-0.000156496
8.49634
0.000116054
32.8792
-0.000155585
8.33398
0.00016294
31.9879
-0.000113815
8.10661
0.000122637
31.121
-0.000177695
7.82049
0.000107376
30.1705
-0.000137443
7.59976
0.000155081
29.3706
-0.00013705
7.43835
0.000123387
28.4813
-0.000127153
7.21261
0.000121609
27.6185
-0.000126205
6.93022
0.000115779
26.6864
-0.000146021
6.72656
0.000112367
25.834
-0.000137196
6.51225
0.000118915
24.9623
-0.000115286
6.30448
0.000132101
24.1035
-0.000110978
6.02562
0.000115112
23.1733
-0.00011226
5.82343
0.000104801
22.322
-0.000141324
5.60988
9.33201e-05
21.451
-0.000106925
5.40251
0.000110487
20.5927
-0.000128116
5.1238
0.000105764
19.6627
-9.7526e-05
4.92155
0.000105311
18.8113
-0.000121636
4.70768
8.83783e-05
17.9397
-0.000117065
4.49959
6.2778e-05
17.0798
-0.000120889
4.21935
0.000101049
16.1457
-0.000107867
4.01319
0.000114112
15.2736
-8.78296e-05
3.78052
8.31836e-05
14.4575
-7.18465e-05
3.6309
9.48319e-05
13.5601
-0.00011517
3.33172
6.61069e-05
12.6811
-9.00098e-05
3.12253
0.000110408
11.7897
-7.07879e-05
2.88817
8.0298e-05
10.9729
-8.9177e-05
2.73784
9.44167e-05
10.0932
-6.10158e-05
2.43738
7.62901e-05
9.15527
-0.000105764
2.22712
4.82864e-05
8.28282
-7.55034e-05
1.99273
8.63656e-05
7.46947
-9.36879e-05
1.84232
7.74015e-05
6.59109
-6.25718e-05
1.54179
7.41533e-05
5.65389
-6.61059e-05
1.33146
4.92433e-05
4.78187
-8.90239e-05
1.09701
3.65365e-05
3.96881
-8.88985e-05
0.946541
4.78352e-05
3.09065
-6.03873e-05
0.645959
8.69064e-05
2.15359
-6.28623e-05
0.435589
4.53038e-05
1.28169
-5.87407e-05
0.201095
3.60058e-05
0.468716
-7.47841e-05
0.050585
3.70484e-05
-0.409393
-7.30484e-05
-0.250038
5.07732e-05
-1.34641
-6.55215e-05
-0.460455
4.54453e-05
-2.2183
-2.3134e-05
-0.694999
5.0952e-05
-3.03128
-6.1397e-05
-0.84556
2.35499e-05
-3.90941
-7.25939e-05
-1.14624
2.18423e-05
-4.84646
-5.83851e-05
-1.35673
4.62916e-05
-5.71838
-3.24598e-05
-1.59134
5.42501e-05
-6.53139
-2.90546e-05
-1.74199
1.89125e-05
-7.40954
-2.03267e-05
-2.04276
3.81766e-05
-8.34656
-5.80493e-05
-2.25335
7.79106e-06
-9.21836
-2.9432e-05
-2.48809
5.30245e-05
-10.031
-1.26002e-05
-2.63887
2.5398e-05
-10.9083
-2.58052e-05
-2.93978
4.4514e-05
-11.8426
8.20585e-06
-3.15045
2.65708e-05
-12.6977
-3.87576e-05
-3.38632
2.90035e-06
-13.5639
-9.10068e-06
-3.53841
4.35929e-05
-14.4257
-1.88422e-05
-3.84005
2.92719e-05
-15.3611
8.978e-06
-4.05237
8.831e-06
-16.2342
1.48566e-08
-4.29102
-2.11488e-06
-17.0513
-3.8858e-05
-4.46031
1.51135e-06
-17.9476
-1.32625e-05
-4.70922
-4.04062e-06
-18.8334
3.61262e-06
-4.93862
2.32842e-05
-19.7259
7.44154e-06
-5.18093
-6.45036e-06
-20.5475
1.04377e-05
-5.35176
1.10679e-05
-21.4458
-7.37488e-06
-5.60145
-2.02935e-05
-22.3329
4.07687e-06
-5.83128
5.9251e-06
-23.2263
1.35452e-05
-6.07377
6.681e-06
-24.0485
2.92832e-05
-6.24457
4.60693e-06
-24.9472
2.11194e-05
-6.49399
-1.47263e-05
-25.8345
1.47552e-05
-6.72316
-2.40108e-05
-26.7277
1.73177e-05
-6.96422
-4.81847e-06
-27.5488
2.47095e-05
-7.13133
-2.79487e-06
-28.4442
2.64146e-05
-7.36115
-1.4322e-05
-29.3133
5.88416e-05
-7.64904
-1.40609e-05
-30.2656
1.19129e-05
-7.87142
-5.25489e-05
-31.0676
2.62614e-05
-8.03467
9.06388e-06
-31.9598
6.67728e-05
-8.26295
-3.25697e-05
-32.8279
1.82835e-05
-8.55008
-3.25509e-05
-33.78
5.35055e-05
-8.77202
-3.03239e-05
-34.5821
2.16167e-05
-8.93504
-5.82783e-05
-35.4746
4.88717e-05
-9.16319
-2.07792e-05
-36.3431
4.34648e-05
-9.45025
-2.959e-05
-37.2958
6.09609e-05
-9.67219
-4.47417e-05
-38.0985
6.27672e-05
-9.83523
-6.77895e-05
-38.9916
2.03026e-05
-10.0634
-5.93017e-05
-39.8608
3.77796e-05
-10.3506
-6.70015e-05
-40.8142
6.59103e-05
-10.5726
-1.9455e-05
-41.6177
8.06757e-05
-10.7357
-3.59395e-05
-42.5116
8.31738e-05
-10.964
-6.84749e-05
-43.3815
6.17094e-05
-11.2513
-6.43221e-05
-44.3357
5.03131e-05
-11.4734
-3.84716e-05
-45.1401
9.09227e-05
-11.6367
-5.40969e-05
-46.0348
0.000112061
-11.8651
-4.68452e-05
-46.9057
6.11102e-05
-12.1525
-8.60702e-05
-47.8608
6.96994e-05
-12.3747
-7.96067e-05
-48.6661
7.71371e-05
-12.538
-6.17238e-05
-49.5618
7.50303e-05
-12.7665
-6.60273e-05
-50.4336
8.45489e-05
-13.0538
-7.65025e-05
-51.3897
0.000111244
-13.2758
-8.45478e-05
-52.1959
6.92438e-05
-13.4387
-0.000101864
-53.0926
9.96639e-05
-13.666
-4.79699e-05
-53.9654
0.000114436
-13.9501
-8.17038e-05
-54.9224
0.000106735
-14.1534
-5.49549e-05
-55.7305
0.000130503
-14.3752
-0.000106236
-56.6291
7.12034e-05
-14.5848
-0.000109506
-57.5029
0.000121478
-14.8691
-6.62046e-05
-58.4611
0.000107829
-15.0906
-7.98763e-05
-59.2696
0.000128678
-15.2539
-0.000102628
-60.1686
0.000134272
-15.4828
-0.000101417
-61.0438
0.000106868
-15.7708
-0.000109432
-62.0034
0.000113036
-15.9938
-7.85343e-05
-62.8131
0.000151102
-16.1581
-8.02295e-05
-63.7134
0.000140588
-16.3876
-9.70863e-05
-64.59
0.000144125
-16.6761
-0.000118621
-65.5508
0.000123604
-16.8996
-0.000108954
-66.3619
0.000145833
-17.0642
-0.000109259
-67.2635
0.000135514
-17.2941
-9.68996e-05
-68.1413
0.000155065
-17.5829
-0.000102009
-69.1034
0.000141284
-17.8065
-0.000125768
-69.9156
0.000143647
-17.9713
-0.000142462
-70.818
0.00014727
-18.2008
-0.000109863
-71.6953
0.000154605
-18.488
-0.000100578
-72.6448
0.000160724
-18.6991
-0.000124389
-73.5312
0.000192438
-18.9359
-0.000108284
-74.3595
0.000144212
-19.0893
-0.000163641
-75.2535
0.000154842
-19.3931
-0.000104258
-76.2069
0.000184932
-19.6069
-0.000139575
-77.0955
0.000162908
-19.8449
-0.00012856
-77.9256
0.000195253
-19.999
-0.000127419
-78.8211
0.000156115
-20.3034
-0.000169268
-79.7756
0.000180994
-20.5176
-0.000134204
-80.6648
0.000156942
-20.756
-0.000140976
-81.4935
0.000198234
-20.9103
-0.000139426
-82.3735
0.000192068
-21.2158
-0.000178386
-83.3828
0.000157961
-21.4312
-0.000175055
-84.2574
0.000167481
-21.6698
-0.000165429
-85.0879
0.000195203
-21.8247
-0.000141493
-85.9859
0.000195114
-22.1299
-0.00017407
-86.944
0.000192969
-22.3449
-0.000164132
-87.8376
0.000195994
-22.5841
-0.000164122
-88.673
0.000200463
-22.7395
-0.000162241
-89.5741
0.000202337
-23.0451
-0.000156005
-90.5346
0.000233866
-23.2605
-0.00015984
-91.4305
0.000213109
-23.5002
-0.000184716
-92.268
0.000183681
-23.656
-0.000195983
-93.1712
0.000198892
-23.962
-0.000172743
-94.1337
0.000227716
-24.1779
-0.000156856
-95.0317
0.000230354
-24.418
-0.000185941
-95.8712
0.000248599
-24.5743
-0.000177942
-96.7764
0.00020457
-24.8807
-0.000196884
-97.741
0.000237695
-25.097
-0.000171781
-98.6411
0.000229426
-25.3376
-0.000202436
-99.4827
0.000224637
-25.4943
-0.000177696
-100.39
0.000270383
-25.8012
-0.000194595
-101.357
0.000208017
-26.018
-0.000215553
-102.259
0.000254219
-26.259
-0.000167275
-103.103
0.000250194
-26.4162
-0.000192107
-104.012
0.00026875
-26.7235
-0.000205492
-104.981
0.000268154
-26.9408
-0.000218987
-105.886
0.000217513
-27.1824
-0.000215113
-106.732
0.000242566
-27.34
-0.000214477
-107.643
0.000270743
-27.6479
-0.000193031
-108.615
0.000274911
-27.8658
-0.000214077
-109.521
0.000271657
-28.1079
-0.000206251
-110.37
0.000269891
-28.2661
-0.000229669
-111.284
0.000255081
-28.5747
-0.000223
-112.258
0.000257321
-28.7932
-0.000218575
-113.167
0.000300072
-29.0361
-0.000205625
-114.018
0.000286474
-29.1953
-0.00023868
-114.935
0.000269819
-29.5051
-0.000246451
-115.912
0.000277997
-29.7255
-0.000216719
-116.826
0.00028828
-29.9722
-0.00022589
-117.683
0.00027753
-30.1497
-0.000247968
-118.619
0.000312047
-30.4068
-0.000230432
-119.546
0.000274939
-30.6444
-0.000269657
-120.479
0.000292673
-30.8949
-0.000207578
-121.342
0.000337747
-31.0738
-0.000239065
-122.282
0.000279083
-31.3314
-0.000237312
-123.211
0.000345708
-31.5685
-0.000247695
-124.147
0.000285355
-31.8169
-0.000278853
-125.011
0.000293595
-31.9893
-0.000253359
-125.95
0.000293974
-32.2088
-0.000265562
-126.864
0.000321053
-32.5639
-0.000271254
-127.861
0.000322222
-32.7761
-0.000264664
-128.708
0.00030668
-32.9452
-0.00028755
-129.646
0.000300161
-33.1816
-0.000274867
-130.561
0.000333222
-33.4777
-0.000231452
-131.559
0.000340047
-33.709
-0.000269401
-132.409
0.000344069
-33.8818
-0.000283846
-133.349
0.000332973
-34.1198
-0.000282286
-134.266
0.000314905
-34.417
-0.000266989
-135.268
0.000351688
-34.6492
-0.000263812
-136.12
0.000385456
-34.8227
-0.000272636
-137.063
0.000330354
-35.0615
-0.000300856
-137.983
0.000328145
-35.3593
-0.000309902
-138.988
0.000336652
-35.5922
-0.00027606
-139.843
0.000351432
-35.7663
-0.000282171
-140.789
0.000353335
-36.0058
-0.000312454
-141.712
0.000371449
-36.3043
-0.000300134
-142.72
0.00032101
-36.5378
-0.000339914
-143.578
0.000357211
-36.7126
-0.000279633
-144.527
0.000370067
-36.9528
-0.000318662
-145.453
0.00037477
-37.252
-0.000265314
-146.464
0.000411224
-37.4863
-0.000315867
-147.325
0.000338114
-37.6618
-0.000332977
-148.277
0.000393044
-37.9028
-0.000278182
-149.206
0.000394033
-38.2028
-0.000310149
-150.22
0.000396346
-38.4381
-0.000308045
-151.085
0.000401621
-38.6149
-0.000323773
-152.041
0.000365055
-38.8577
-0.000349132
-152.973
0.000377414
-39.1616
-0.000322329
-153.99
0.000392493
-39.4147
-0.000316235
-154.858
0.000406264
-39.5391
-0.000322151
-155.816
0.000417311
-39.7988
-0.000342843
-156.752
0.000389373
-40.1032
-0.000329813
-157.772
0.000420312
-40.3407
-0.000323055
-158.643
0.000407452
-40.5187
-0.000326083
-159.605
0.000428449
-40.7616
-0.000330528
-160.544
0.000419125
-41.0634
-0.000345477
-161.568
0.000415566
-41.2999
-0.000365385
-162.442
0.000406281
-41.4772
-0.000347288
-163.406
0.000419845
-41.7191
-0.000325442
-164.345
0.000441009
-42.0178
-0.000342217
-165.354
0.000454444
-42.2379
-0.000349178
-166.284
0.000414822
-42.4689
-0.000386237
-167.235
0.000423439
-42.6936
-0.000341625
-168.175
0.000444604
-42.9896
-0.000373256
-169.186
0.000429871
-43.2091
-0.000358265
-170.12
0.000467165
-43.4402
-0.000358598
-171.074
0.000423203
-43.6654
-0.000398899
-172.017
0.000451117
-43.9621
-0.000351423
-173.032
0.000441033
-44.1826
-0.00037738
-173.97
0.000459354
-44.4148
-0.000374537
-174.929
0.000461712
-44.6416
-0.000381692
-175.877
0.000449384
-44.9407
-0.000408406
-176.9
0.000438858
-45.1659
-0.000405286
-177.862
0.000460406
-45.4178
-0.000366142
-178.766
0.000466185
-45.5868
-0.00040734
-179.737
0.000457054
-45.9064
-0.000417896
-180.769
0.000454522
-46.1363
-0.000409804
-181.736
0.000454119
-46.3907
-0.000408647
-182.645
0.000465217
-46.5614
-0.000400377
-183.621
0.000498025
-46.8825
-0.000393088
-184.657
0.000488915
-47.1137
-0.00041239
-185.628
0.000468192
-47.3692
-0.000413726
-186.542
0.000481597
-47.541
-0.000408102
-187.522
0.000497153
-47.8631
-0.000397477
-188.562
0.000498364
-48.0953
-0.000437199
-189.538
0.000506403
-48.3518
-0.000406766
-190.456
0.000477199
-48.5245
-0.000438984
-191.441
0.00051852
-48.8476
-0.000396114
-192.485
0.000517342
-49.0808
-0.000423476
-193.466
0.000509165
-49.3383
-0.000410408
-194.389
0.000538465
-49.512
-0.000434587
-195.378
0.00048986
-49.8361
-0.000445068
-196.427
0.000531944
-50.0702
-0.000410182
-197.413
0.000519039
-50.3287
-0.000424915
-198.341
0.000547561
-50.5035
-0.00045497
-199.336
0.000518296
-50.8286
-0.000458619
-200.393
0.000499832
-51.0639
-0.000450514
-201.402
0.000536662
-51.3226
-0.000441468
-202.276
0.000547974
-51.4976
-0.000431635
-203.293
0.000559272
-51.8239
-0.0004423
-204.355
0.000545223
-52.0601
-0.000450512
-205.351
0.000553175
-52.3206
-0.000459844
-206.289
0.000538415
-52.4973
-0.000456574
-207.292
0.000548496
-52.8244
-0.000458939
-208.355
0.000565834
-53.0615
-0.000448447
-209.355
0.000571697
-53.3229
-0.000462742
-210.296
0.00056497
-53.5007
-0.000486469
-211.304
0.000543934
-53.8288
-0.000452942
-212.372
0.000581204
-54.0669
-0.000465666
-213.376
0.000566817
-54.3294
-0.000473104
-214.322
0.000603034
-54.5082
-0.000470403
-215.335
0.000546884
-54.8374
-0.000521278
-216.408
0.000556226
-55.0766
-0.000458684
-217.417
0.000616337
-55.3402
-0.000479852
-218.369
0.000574117
-55.5201
-0.000476593
-219.386
0.000621003
-55.8504
-0.000486918
-220.465
0.000566277
-56.0908
-0.000522166
-221.479
0.000593647
-56.3556
-0.0004859
-222.436
0.000585325
-56.5368
-0.000491217
-223.459
0.000605265
-56.8685
-0.000517308
-224.542
0.000609747
-57.1107
-0.000516751
-225.563
0.000578979
-57.3786
-0.000523513
-226.527
0.000599287
-57.5752
-0.000523837
-227.568
0.000616037
-57.8356
-0.000477731
-228.585
0.000625871
-58.1551
-0.000506058
-229.687
0.000627489
-58.4101
-0.00053885
-230.641
0.000614208
-58.6084
-0.000528292
-231.686
0.000600282
-58.8864
-0.000505948
-232.707
0.000639925
-59.1536
-0.000512852
-233.813
0.000668606
-59.4258
-0.000521972
-234.772
0.000620963
-59.6251
-0.000537588
-235.822
0.000622063
-59.8879
-0.00055295
-236.849
0.000627988
-60.2092
-0.000534313
-237.962
0.000631508
-60.4654
-0.000532598
-238.926
0.000644493
-60.6628
-0.000557141
-239.982
0.000657664
-60.9255
-0.000542443
-241.015
0.000619329
-61.2474
-0.000576428
-242.134
0.000654388
-61.5045
-0.000531653
-243.104
0.000655333
-61.7028
-0.000559784
-244.166
0.000670558
-61.9666
-0.000511083
-245.205
0.000710213
-62.2896
-0.000569863
-246.329
0.000627016
-62.5478
-0.000576889
-247.305
0.000678319
-62.7474
-0.000540177
-248.373
0.000678445
-63.0124
-0.000559109
-249.418
0.000693839
-63.3366
-0.000557129
-250.548
0.000697184
-63.596
-0.000574353
-251.53
0.000675274
-63.7968
-0.000579031
-252.604
0.000667725
-64.063
-0.000567372
-253.655
0.000714088
-64.3885
-0.000557485
-254.792
0.000695647
-64.6492
-0.000582996
-255.78
0.000695777
-64.8512
-0.000605367
-256.86
0.000688157
-65.1188
-0.000584808
-257.918
0.000704322
-65.4455
-0.000577318
-259.061
0.000711439
-65.7075
-0.00057915
-260.056
0.00071769
-65.9109
-0.000601283
-261.142
0.00069756
-66.1797
-0.000602042
-262.206
0.000709856
-66.5078
-0.000628659
-263.356
0.000701475
-66.7711
-0.000612546
-264.357
0.000704714
-66.9758
-0.000583068
-265.45
0.000729569
-67.246
-0.000615854
-266.52
0.000750404
-67.5755
-0.000599549
-267.677
0.000713818
-67.8401
-0.000645378
-268.684
0.000725941
-68.0461
-0.000593617
-269.784
0.000748176
-68.3177
-0.00062321
-270.861
0.000738437
-68.6484
-0.000608751
-272.024
0.00077445
-68.9143
-0.000618109
-273.039
0.000714212
-69.1217
-0.000666727
-274.145
0.000754092
-69.3944
-0.000613763
-275.229
0.000733706
-69.7263
-0.000631205
-276.399
0.000774091
-69.9932
-0.000631634
-277.42
0.00075933
-70.2013
-0.000651436
-278.532
0.000745048
-70.4741
-0.000673217
-279.62
0.000746145
-70.804
-0.00064762
-280.78
0.000767979
-71.0557
-0.000637076
-281.863
0.000769077
-71.3186
-0.000666715
-282.969
0.000772158
-71.5758
-0.000667637
-284.081
0.000757156
-71.9042
-0.000674246
-285.191
0.000772646
-72.1584
-0.000666271
-286.317
0.000761977
-72.4393
-0.000663978
-287.37
0.000808014
-72.6347
-0.000672641
-288.483
0.000775079
-72.9635
-0.000679035
-289.627
0.000778732
-73.2685
-0.000685161
-290.867
0.000791195
-73.6144
-0.000663161
-291.91
0.000816744
-73.7364
-0.000651635
-292.988
0.000815512
-74.1169
-0.000681184
-294.127
0.000837765
-74.3012
-0.000673415
-295.239
0.000783289
-74.6544
-0.000702225
-296.449
0.000832961
-74.9359
-0.000648844
-297.5
0.000832928
-75.129
-0.000701731
-298.613
0.000818194
-75.4715
-0.000680523
-299.888
0.00084665
-75.8266
-0.000703425
-300.951
0.000803585
-75.9542
-0.000709924
-302.046
0.000844763
-76.3392
-0.000671302
-303.202
0.000850281
-76.5275
-0.000694906
-304.33
0.000863268
-76.8844
-0.000705021
-305.556
0.00084788
-77.1696
-0.000710652
-306.624
0.000823382
-77.3663
-0.000718585
-307.752
0.00085262
-77.7123
-0.000711828
-309.044
0.000865631
-78.071
-0.000705625
-310.123
0.000865642
-78.2021
-0.000725084
-311.234
0.000866965
-78.5906
-0.000725367
-312.407
0.000856849
-78.7825
-0.000741598
-313.551
0.00085887
-79.143
-0.000712362
-314.794
0.000881444
-79.4319
-0.000726448
-315.877
0.000882689
-79.6323
-0.000733025
-317.02
0.000890748
-79.9822
-0.00074213
-318.313
0.000872373
-80.3464
-0.000750715
-319.465
0.000884926
-80.4849
-0.000727557
-320.596
0.000900069
-80.893
-0.000738892
-321.743
0.00088306
-81.0322
-0.000757981
-322.848
0.000921399
-81.3991
-0.000749841
-324.17
0.000873205
-81.7572
-0.000788472
-325.336
0.000894307
-81.9966
-0.000727817
-326.469
0.000939784
-82.1635
-0.000760868
-327.579
0.000893051
-82.5268
-0.000774377
-328.907
0.000936135
-82.8435
-0.000770761
-330.077
0.000874832
-83.1657
-0.000810809
-331.192
0.00090914
-83.422
-0.000774281
-332.467
0.000907252
-83.7822
-0.000776423
-333.648
0.000942886
-83.9788
-0.000782207
-334.862
0.000938674
-84.3742
-0.000800467
-336.018
0.000907023
-84.5133
-0.000811139
-337.146
0.000927175
-84.8805
-0.000809387
-338.49
0.000943349
-85.2339
-0.000751071
-339.667
0.000981467
-85.4252
-0.000771733
-340.814
0.000954122
-85.7804
-0.000829943
-342.122
0.000942552
-86.0792
-0.000806911
-343.29
0.000945076
-86.3867
-0.000793901
-344.578
0.000964909
-86.7266
-0.000798836
-345.761
0.00100043
-86.9115
-0.000804184
-346.907
0.000954671
-87.2583
-0.000833235
-348.259
0.000951982
-87.6058
-0.000844074
-349.411
0.000973235
-87.7928
-0.000809664
-350.607
0.000972419
-88.1366
-0.000819908
-351.92
0.000976264
-88.4501
-0.000837266
-353.092
0.00100211
-88.7643
-0.000843044
-354.411
0.000947107
-89.1097
-0.000866703
-355.616
0.000996884
-89.2996
-0.000813397
-356.784
0.000999956
-89.6511
-0.000861056
-358.157
0.00100566
-90.0031
-0.000806027
-359.33
0.00103928
-90.1946
-0.000857814
-360.546
0.000971114
-90.5428
-0.000878348
-361.88
0.00101088
-90.8607
-0.000839246
-363.073
0.00100164
-91.1792
-0.000871755
-364.413
0.00103505
-91.529
-0.000848756
-365.639
0.00103547
-91.7233
-0.000871758
-366.829
0.00102477
-92.0791
-0.000870752
-368.222
0.00102051
-92.4355
-0.00085779
-369.416
0.00105717
-92.6314
-0.000853471
-370.654
0.00104427
-92.984
-0.000882918
-372.01
0.00104209
-93.3064
-0.000905502
-373.224
0.00102798
-93.6294
-0.000882909
-374.585
0.00106045
-93.9837
-0.000865123
-375.834
0.00107273
-94.1824
-0.000872203
-377.045
0.00107629
-94.5428
-0.000878407
-378.46
0.00106694
-94.9038
-0.000901054
-379.677
0.00106255
-95.1043
-0.00092926
-380.937
0.00105754
-95.4615
-0.000901245
-382.315
0.0010635
-95.7886
-0.00087477
-383.552
0.00109689
-96.1162
-0.000909009
-384.936
0.00110953
-96.4753
-0.000901186
-386.207
0.00106431
-96.6789
-0.000949378
-387.441
0.00108662
-97.0444
-0.000887891
-388.88
0.00111162
-97.4107
-0.000930793
-390.12
0.0010892
-97.6176
-0.000934027
-391.403
0.00112302
-97.9883
-0.000918364
-392.804
0.00109476
-98.2939
-0.000949605
-394.064
0.00111395
-98.6351
-0.000920392
-395.472
0.00110549
-99.0005
-0.000935167
-396.767
0.00113111
-99.2094
-0.000941651
-398.025
0.0011192
-99.5796
-0.000968357
-399.487
0.00110689
-99.9503
-0.000972009
-400.751
0.00112007
-100.16
-0.000955051
-402.059
0.00114219
-100.527
-0.000927953
-403.485
0.00115223
-100.864
-0.000962214
-404.769
0.00114755
-101.201
-0.000967722
-406.201
0.00114466
-101.569
-0.000968346
-407.52
0.00115383
-101.781
-0.000965076
-408.8
0.00115472
-102.154
-0.000965244
-410.278
0.00118228
-102.52
-0.000966239
-411.592
0.0011545
-102.759
-0.00100584
-412.907
0.00114629
-103.113
-0.00101269
-414.381
0.00115052
-103.478
-0.000980751
-415.673
0.00118136
-103.801
-0.00097325
-417.154
0.00119116
-104.198
-0.000999682
-418.482
0.00121121
-104.398
-0.000986646
-419.814
0.00116711
-104.802
-0.00102196
-421.312
0.00119447
-105.167
-0.000995559
-422.657
0.00119775
-105.417
-0.00102115
-424.037
0.00119109
-105.813
-0.000998315
-425.42
0.00123446
-106.065
-0.00101785
-426.777
0.00117488
-106.434
-0.00104668
-428.292
0.00123226
-106.843
-0.000980206
-429.65
0.0012269
-107.052
-0.00102195
-431.012
0.00123879
-107.463
-0.00104352
-432.539
0.00123364
-107.835
-0.00103889
-433.912
0.00120716
-108.091
-0.00104694
-435.32
0.00122013
-108.493
-0.00105172
-436.732
0.00124796
-108.752
-0.00104049
-438.117
0.00125799
-109.126
-0.00104439
-439.661
0.00126069
-109.542
-0.00104778
-441.048
0.00124639
-109.757
-0.00106838
-442.439
0.00124742
-110.175
-0.00105434
-443.994
0.00125872
-110.554
-0.00106666
-445.397
0.00127371
-110.825
-0.00105883
-446.834
0.0012779
-111.207
-0.00108383
-448.275
0.00125855
-111.48
-0.00109787
-449.689
0.00127343
-111.862
-0.00107627
-451.264
0.00126781
-112.285
-0.001069
-452.68
0.00130013
-112.506
-0.00109753
-454.101
0.00130928
-112.929
-0.00108682
-455.687
0.00126853
-113.313
-0.00113199
-457.12
0.00129239
-113.582
-0.0010624
-458.588
0.00134178
-113.996
-0.00110919
-460.06
0.00129429
-114.267
-0.00109884
-461.506
0.00133916
-114.653
-0.00111269
-463.111
0.00129301
-115.081
-0.00114035
-464.559
0.00131702
-115.308
-0.00110832
-466.011
0.00130686
-115.738
-0.00114101
-467.629
0.00133672
-116.128
-0.00112965
-469.094
0.00134763
-116.403
-0.00113975
-470.594
0.00131792
-116.824
-0.00116426
-472.098
0.00131526
-117.101
-0.00115474
-473.576
0.00136861
-117.494
-0.00111459
-475.214
0.00135146
-117.929
-0.00114029
-476.695
0.0013891
-118.163
-0.00116687
-478.181
0.00134396
-118.599
-0.00116328
-479.831
0.00135371
-118.996
-0.00115066
-481.33
0.0013761
-119.278
-0.00116173
-482.864
0.0014019
-119.706
-0.00116846
-484.402
0.00136462
-119.99
-0.00119127
-485.914
0.00136667
-120.391
-0.00121064
-487.587
0.00137554
-120.833
-0.00117601
-489.103
0.00138753
-121.075
-0.00117221
-490.624
0.00138738
-121.521
-0.0012016
-492.312
0.00143388
-121.935
-0.00118551
-493.856
0.00138421
-122.2
-0.00122281
-495.401
0.00141788
-122.653
-0.00118667
-496.993
0.00141436
-122.921
-0.00122994
-498.518
0.00141567
-123.348
-0.00117717
-500.245
0.00146941
-123.775
-0.0012238
-501.774
0.00140002
-124.042
-0.00124218
-503.349
0.0014514
-124.471
-0.00119892
-505.048
0.00143873
-124.901
-0.00122436
-506.629
0.00145405
-125.176
-0.00123883
-508.239
0.00146303
-125.638
-0.00123852
-509.86
0.00144448
-125.914
-0.00125189
-511.421
0.00145891
-126.347
-0.0012298
-513.185
0.00148792
-126.78
-0.00121915
-514.75
0.00150126
-127.052
-0.00124309
-516.361
0.00149347
-127.481
-0.0012558
-518.091
0.00147038
-127.88
-0.00127615
-519.682
0.00149481
-128.279
-0.00124448
-521.422
0.00150014
-128.71
-0.00125313
-523.052
0.00152724
-128.986
-0.00126306
-524.646
0.0014982
-129.424
-0.00129516
-526.446
0.00148303
-129.863
-0.00132352
-528.05
0.00149904
-130.142
-0.00128016
-529.7
0.00151064
-130.578
-0.00127336
-531.47
0.00153593
-130.984
-0.00129895
-533.101
0.00155456
-131.392
-0.0013003
-534.882
0.00151282
-131.831
-0.00131856
-536.552
0.00155614
-132.115
-0.00127161
-538.187
0.00155789
-132.561
-0.00132049
-540.029
0.00154569
-133.008
-0.00130968
-541.675
0.00157957
-133.295
-0.00132487
-543.367
0.0015319
-133.739
-0.0013557
-545.18
0.00157025
-134.154
-0.00131804
-546.854
0.00155271
-134.569
-0.00134175
-548.678
0.00158265
-135.017
-0.00132911
-550.393
0.00159482
-135.31
-0.00136531
-552.075
0.00156328
-135.764
-0.00137467
-553.968
0.00158713
-136.221
-0.00135373
-555.696
0.00161166
-136.515
-0.00132619
-557.316
0.00161434
-136.967
-0.00137663
-559.212
0.00159612
-137.39
-0.00138792
-560.937
0.00158608
-137.815
-0.0013962
-562.809
0.00161285
-138.272
-0.00138508
-564.569
0.00161078
-138.573
-0.00137791
-566.294
0.00166194
-139.037
-0.0013816
-568.226
0.00163108
-139.502
-0.00140019
-569.962
0.00161711
-139.808
-0.00142111
-571.744
0.00162736
-140.271
-0.00139684
-573.647
0.001659
-140.712
-0.0014007
-575.411
0.00165757
-141.119
-0.00143311
-577.325
0.00167432
-141.592
-0.00141424
-579.122
0.00163968
-141.896
-0.00145244
-580.92
0.00167131
-142.396
-0.00140401
-582.885
0.00168749
-142.855
-0.00144365
-584.699
0.00167985
-143.2
-0.00142139
-586.55
0.00173209
-143.691
-0.00142399
-588.408
0.00168072
-144.038
-0.00146812
-590.241
0.00170971
-144.502
-0.00142738
-592.237
0.0017051
-145.008
-0.00144465
-594.078
0.00172892
-145.314
-0.00147021
-595.925
0.00173694
-145.822
-0.00147736
-597.94
0.00168807
-146.291
-0.00150021
-599.805
0.00171161
-146.646
-0.00148204
-601.708
0.00174808
-147.147
-0.00145632
-603.618
0.00176378
-147.504
-0.00148361
-605.503
0.00176192
-147.978
-0.0014953
-607.551
0.00173846
-148.495
-0.00150251
-609.445
0.00176414
-148.81
-0.00149577
-611.345
0.00177182
-149.329
-0.00148491
-613.414
0.00180243
-149.809
-0.00149102
-615.333
0.00179209
-150.174
-0.00152184
-617.29
0.00177743
-150.686
-0.00153999
-619.254
0.00178581
-151.054
-0.00152058
-621.194
0.00179151
-151.539
-0.00152465
-623.298
0.00181189
-152.066
-0.00153652
-625.247
0.00183604
-152.393
-0.0015364
-627.204
0.00179951
-152.922
-0.00157253
-629.329
0.00181628
-153.413
-0.0015186
-631.305
0.00186392
-153.79
-0.001561
-633.319
0.00181258
-154.312
-0.00157221
-635.341
0.00185951
-154.692
-0.00156921
-637.339
0.00182611
-155.188
-0.00159657
-639.5
0.00186168
-155.727
-0.00155105
-641.508
0.00185219
-156.065
-0.00159614
-643.524
0.00187915
-156.606
-0.00159752
-645.708
0.00188452
-157.109
-0.00161368
-647.744
0.00184524
-157.497
-0.00162258
-649.816
0.00186761
-158.031
-0.00162324
-651.89
0.00189399
-158.423
-0.00158936
-653.975
0.00190239
-158.932
-0.00161549
-656.19
0.00191905
-159.482
-0.00163421
-658.259
0.00190977
-159.832
-0.00164767
-660.336
0.00189495
-160.386
-0.001622
-662.583
0.00192557
-160.901
-0.00164788
-664.683
0.00196103
-161.301
-0.00163297
-666.821
0.00192237
-161.848
-0.0016752
-668.967
0.00192869
-162.252
-0.00167267
-671.091
0.00195117
-162.773
-0.0016472
-673.38
0.00195658
-163.336
-0.00166125
-675.516
0.00195768
-163.7
-0.00169541
-677.66
0.00198385
-164.266
-0.00168417
-679.974
0.00195573
-164.794
-0.00170882
-682.141
0.00198786
-165.208
-0.00167306
-684.347
0.00200513
-165.769
-0.0017043
-686.562
0.00199527
-166.186
-0.00167164
-688.755
0.00204755
-166.722
-0.00171992
-691.114
0.00198019
-167.301
-0.00173338
-693.321
0.00203407
-167.687
-0.00170914
-695.545
0.00201164
-168.243
-0.00172637
-697.905
0.00204249
-168.803
-0.00174132
-700.161
0.00205812
-169.208
-0.00175043
-702.415
0.00202414
-169.8
-0.00175802
-704.721
0.00205014
-170.209
-0.00174379
-706.963
0.00207146
-170.775
-0.00174627
-709.412
0.00207715
-171.343
-0.00176547
-711.667
0.00209098
-171.75
-0.00177831
-713.971
0.00206928
-172.315
-0.00178666
-716.4
0.00210212
-172.85
-0.00176791
-718.694
0.00210478
-173.387
-0.00177517
-721.142
0.00211183
-173.957
-0.00178656
-723.484
0.00211204
-174.373
-0.00181134
-725.796
0.00211814
-174.951
-0.00182811
-728.319
0.00212907
-175.532
-0.0018046
-730.65
0.00213152
-175.953
-0.00179795
-733.031
0.00214777
-176.532
-0.00182155
-735.538
0.00219528
-177.082
-0.00181461
-737.909
0.00214111
-177.634
-0.00187089
-740.428
0.00216615
-178.22
-0.00181745
-742.877
0.00219087
-178.651
-0.00185856
-745.261
0.00217518
-179.245
-0.00185779
-747.864
0.00220152
-179.841
-0.0018677
-750.277
0.00217576
-180.278
-0.00189162
-752.741
0.00221743
-180.873
-0.00185935
-755.332
0.0022098
-181.439
-0.00187142
-757.789
0.00223616
-182.008
-0.00189406
-760.402
0.00224032
-182.609
-0.00191534
-762.91
0.00220657
-183.056
-0.00193095
-765.389
0.00221707
-183.667
-0.00192248
-768.081
0.00226551
-184.279
-0.00189384
-770.582
0.00227281
-184.733
-0.00193075
-773.135
0.00227049
-185.345
-0.00193547
-775.815
0.00227055
-185.928
-0.00194308
-778.362
0.00227913
-186.514
-0.00194437
-781.065
0.00228735
-187.132
-0.00195052
-783.665
0.00232804
-187.597
-0.00195644
-786.235
0.00229998
-188.225
-0.00198688
-789.019
0.00229138
-188.855
-0.00199311
-791.614
0.00231097
-189.326
-0.0019814
-794.261
0.00233834
-189.956
-0.00197312
-797.035
0.00234453
-190.557
-0.00200762
-799.678
0.00236944
-191.161
-0.00200432
-802.477
0.00234148
-191.798
-0.00202097
-805.173
0.00237602
-192.281
-0.00199939
-807.841
0.00237085
-192.927
-0.0020391
-810.724
0.00237393
-193.576
-0.00201522
-813.417
0.00243158
-194.066
-0.00204038
-816.164
0.00236485
-194.715
-0.00207288
-819.039
0.0024255
-195.335
-0.00202448
-821.783
0.00242322
-195.958
-0.00204133
-824.684
0.00245738
-196.614
-0.00208057
-827.483
0.00245032
-197.116
-0.00208697
-830.254
0.00240726
-197.782
-0.00209754
-833.24
0.00244935
-198.449
-0.0020904
-836.037
0.00247278
-198.958
-0.00208876
-838.88
0.00249074
-199.617
-0.00208421
-841.887
0.0025127
-200.284
-0.00210166
-844.721
0.00249064
-200.917
-0.00213978
-847.753
0.00248271
-201.59
-0.00213177
-850.643
0.00250252
-202.103
-0.00213593
-853.548
0.00253509
-202.814
-0.00212852
-856.628
0.00254237
-203.485
-0.00215655
-859.561
0.00253557
-204.039
-0.00216411
-862.509
0.00254153
-204.71
-0.00216617
-865.628
0.00256099
-205.394
-0.00216453
-868.577
0.002556
-206.04
-0.00220256
-871.726
0.00258779
-206.761
-0.00219654
-874.734
0.00255788
-207.288
-0.00223933
-877.759
0.00258207
-208.021
-0.00217747
-880.961
0.00264215
-208.717
-0.00222021
-884.023
0.00259502
-209.301
-0.0022169
-887.131
0.00265621
-210.032
-0.00223593
-890.256
0.00259983
-210.622
-0.00228967
-893.365
0.00262098
-211.33
-0.00224906
-896.647
0.00263567
-212.082
-0.0022715
-899.784
0.00266274
-212.636
-0.00228696
-902.938
0.00267491
-213.394
-0.00228984
-906.268
0.00265395
-214.115
-0.00231066
-909.46
0.00266939
-214.723
-0.0023129
-912.699
0.00270723
-215.479
-0.0022747
-915.955
0.00271572
-216.093
-0.0023166
-919.197
0.00273703
-216.826
-0.00233402
-922.612
0.00272503
-217.602
-0.00234319
-925.884
0.00271116
-218.179
-0.0023386
-929.173
0.00277544
-218.96
-0.00232332
-932.64
0.00280554
-219.699
-0.00235559
-935.969
0.00275389
-220.294
-0.00238711
-939.349
0.00276036
-221.192
-0.00240143
-942.747
0.00277563
-221.794
-0.00239043
-946.13
0.00280154
-222.547
-0.00238052
-949.688
0.00281868
-223.347
-0.00241863
-953.104
0.00283258
-223.951
-0.00242906
-956.538
0.00279166
-224.761
-0.00247196
-960.153
0.00284087
-225.534
-0.0024185
-963.63
0.00285383
-226.195
-0.00245713
-967.157
0.00287107
-227.005
-0.00242095
-970.702
0.00291093
-227.673
-0.00247601
-974.229
0.00285826
-228.46
-0.00249738
-977.967
0.00291082
-229.285
-0.00245733
-981.529
0.00291066
-229.953
-0.0025018
-985.118
0.00293322
-230.749
-0.00249547
-988.89
0.00295671
-231.593
-0.00250932
-992.526
0.00293763
-232.243
-0.0025321
-996.214
0.00295531
-233.123
-0.00252591
-999.922
0.00297487
-233.78
-0.00253109
-1003.62
0.00298646
-234.64
-0.00254865
-1007.5
0.00301181
-235.468
-0.00256942
-1011.22
0.00299457
-236.141
-0.00257336
-1014.99
0.00302846
-236.988
-0.00256965
-1018.92
0.00302873
-237.804
-0.00258304
-1022.69
0.00306486
-238.624
-0.0025829
-1026.67
0.00306479
-239.478
-0.00260813
-1030.51
0.00306512
-240.18
-0.002651
-1034.38
0.00307469
-241.047
-0.00262726
-1038.43
0.0030991
-241.918
-0.00261912
-1042.34
0.00311398
-242.632
-0.00264833
-1046.28
0.00314206
-243.507
-0.00265684
-1050.4
0.00311559
-244.355
-0.00270416
-1054.35
0.00312875
-245.208
-0.00267213
-1058.51
0.0031725
-246.095
-0.00270059
-1062.55
0.00315324
-246.832
-0.00270256
-1066.6
0.00321575
-247.733
-0.00271086
-1070.85
0.00317602
-248.639
-0.0027552
-1074.95
0.00321648
-249.389
-0.00271769
-1079.08
0.00321373
-250.3
-0.00275235
-1083.4
0.00324717
-251.185
-0.00275773
-1087.55
0.00325124
-252.078
-0.00278857
-1091.92
0.00323953
-252.99
-0.00281748
-1096.15
0.00325445
-253.767
-0.00282084
-1100.42
0.00327993
-254.707
-0.00279135
-1104.87
0.00329832
-255.651
-0.00284631
-1109.18
0.00330606
-256.439
-0.0028464
-1113.53
0.00330624
-257.388
-0.00287618
-1118.05
0.00331925
-258.312
-0.00286849
-1122.42
0.00334039
-259.24
-0.00288021
-1127.01
0.00337404
-260.204
-0.00288964
-1131.46
0.0033739
-261.017
-0.00291928
-1135.95
0.00337085
-261.997
-0.00292216
-1140.63
0.00339279
-262.982
-0.00292639
-1145.17
0.00343414
-263.811
-0.00291764
-1149.74
0.00344148
-264.801
-0.00296201
-1154.5
0.00347151
-265.767
-0.00295978
-1159.11
0.00343089
-266.737
-0.0029975
-1163.93
0.00349626
-267.744
-0.00296355
-1168.62
0.00350009
-268.601
-0.00299739
-1173.35
0.003517
-269.624
-0.00299693
-1178.27
0.00355296
-270.653
-0.00303536
-1183.07
0.00351013
-271.527
-0.00305585
-1187.89
0.00356922
-272.563
-0.00303003
-1192.9
0.00357101
-273.573
-0.00305977
-1197.76
0.00360284
-274.59
-0.00309608
-1202.84
0.00360209
-275.644
-0.00310631
-1207.8
0.00359037
-276.547
-0.0031091
-1212.79
0.00363276
-277.618
-0.00312967
-1217.97
0.0036467
-278.695
-0.00312371
-1223.03
0.00368984
-279.618
-0.00313714
-1228.13
0.00368984
-280.702
-0.00316426
-1233.42
0.00369697
-281.763
-0.00318832
-1238.56
0.00369472
-282.83
-0.00319032
-1243.92
0.00373605
-283.935
-0.00319279
-1249.16
0.00377303
-284.892
-0.00320228
-1254.44
0.00377693
-286.02
-0.0032399
-1259.92
0.00377963
-287.142
-0.00325929
-1265.27
0.00379193
-288.115
-0.00324603
-1270.66
0.00382895
-289.251
-0.00326424
-1276.24
0.00383563
-290.364
-0.00328948
-1281.68
0.0038733
-291.484
-0.00329916
-1287.36
0.00385242
-292.643
-0.00335961
-1292.91
0.00387172
-293.653
-0.0033021
-1298.5
0.00394675
-294.832
-0.00334247
-1304.3
0.00391258
-296.02
-0.00336388
-1309.98
0.00396498
-297.059
-0.003385
-1315.74
0.00392953
-298.292
-0.00343292
-1321.54
0.00397391
-299.347
-0.00341292
-1327.35
0.0039819
-300.566
-0.00343416
-1333.36
0.00401329
-301.792
-0.00345796
-1339.26
0.00403615
-302.866
-0.00348144
-1345.2
0.004025
-304.108
-0.00349948
-1351.34
0.00406033
-305.359
-0.00350797
-1357.38
0.00409615
-306.462
-0.00348267
-1363.49
0.00411324
-307.758
-0.0035195
-1369.65
0.00414769
-308.877
-0.00357433
-1375.83
0.0041374
-310.161
-0.00357456
-1382.21
0.00414583
-311.453
-0.0035698
-1388.48
0.00419609
-312.594
-0.00359278
-1394.8
0.00423827
-313.908
-0.00361233
-1401.33
0.00421439
-315.213
-0.00364734
-1407.76
0.00422378
-316.388
-0.0036856
-1414.26
0.00425611
-317.754
-0.00365956
-1420.82
0.00427349
-318.943
-0.00368616
-1427.4
0.00431468
-320.298
-0.00372306
-1434.19
0.00434011
-321.661
-0.00372958
-1440.87
0.0043209
-322.873
-0.00377135
-1447.61
0.00437092
-324.255
-0.00372835
-1454.56
0.00441514
-325.647
-0.00378534
-1461.42
0.00442424
-326.893
-0.00376234
-1468.36
0.00446799
-328.334
-0.0038441
-1475.36
0.00441354
-329.599
-0.00387148
-1482.38
0.00449214
-331.031
-0.00382538
-1489.62
0.00450763
-332.472
-0.00387856
-1496.76
0.0045422
-333.763
-0.00388274
-1503.96
0.00456789
-335.226
-0.0039362
-1511.38
0.00455576
-336.699
-0.00393236
-1518.71
0.00459702
-338.027
-0.00394296
-1526.13
0.00464632
-339.552
-0.00395752
-1533.61
0.00465145
-340.905
-0.00400093
-1541.13
0.00466868
-342.409
-0.00403411
-1548.87
0.00468644
-343.941
-0.00403655
-1556.51
0.00472068
-345.32
-0.00405532
-1564.23
0.0047496
-346.871
-0.00406678
-1572.17
0.00478463
-348.433
-0.00409298
-1580.02
0.00478413
-349.851
-0.00413403
-1587.97
0.00480758
-351.466
-0.00417987
-1596
0.004829
-352.907
-0.00417163
-1604.06
0.00485297
-354.517
-0.00417008
-1612.35
0.00490265
-356.133
-0.00422522
-1620.57
0.00493832
-357.615
-0.00422582
-1628.86
0.00492784
-359.266
-0.00429158
-1637.38
0.00496877
-360.93
-0.00426068
-1645.82
0.00501142
-362.45
-0.00431372
-1654.37
0.00501868
-364.168
-0.00433189
-1663
0.00507577
-365.714
-0.00433963
-1671.68
0.00505991
-367.43
-0.00440983
-1680.6
0.00511201
-369.16
-0.00439672
-1689.44
0.00511105
-370.743
-0.00443376
-1698.36
0.00517449
-372.5
-0.00445336
-1707.55
0.0051897
-374.273
-0.0044966
-1716.64
0.00521476
-375.903
-0.0045207
-1725.86
0.00523613
-377.734
-0.00453586
-1735.17
0.00527994
-379.393
-0.004548
-1744.54
0.00530009
-381.225
-0.00460615
-1754.15
0.00532267
-383.07
-0.00463081
-1763.7
0.00535604
-384.769
-0.00465245
-1773.34
0.00537726
-386.64
-0.00467235
-1783.23
0.00542037
-388.496
-0.00469212
-1793.03
0.00548658
-390.368
-0.00471395
-1803.12
0.00547997
-392.287
-0.00476669
-1813.15
0.00550315
-394.067
-0.00477632
-1823.29
0.00555598
-396.025
-0.00480369
-1833.69
0.00559159
-398.001
-0.00482198
-1844.03
0.00562029
-399.833
-0.00487094
-1854.49
0.0056744
-401.839
-0.00488535
-1865.21
0.00566654
-403.833
-0.00494257
-1875.85
0.00573731
-405.845
-0.00491792
-1886.83
0.00576923
-407.909
-0.0049806
-1897.61
0.0057884
-409.819
-0.00500114
-1908.66
0.00584867
-411.928
-0.00504772
-1919.96
0.00583809
-414.052
-0.00507964
-1931.21
0.00591392
-416.035
-0.00507395
-1942.59
0.0059437
-418.194
-0.00512381
-1954.24
0.00599329
-420.343
-0.00517595
-1965.83
0.00601137
-422.512
-0.00521295
-1977.74
0.00602581
-424.733
-0.00523241
-1989.62
0.00608418
-426.819
-0.00526661
-2001.63
0.00612674
-429.089
-0.00528349
-2013.94
0.00617353
-431.38
-0.0053335
-2026.22
0.00622009
-433.533
-0.00535753
-2038.65
0.00623826
-435.865
-0.00541971
-2051.37
0.00627085
-438.189
-0.00542091
-2064.05
0.00632531
-440.537
-0.00546898
-2077.06
0.00637459
-442.94
-0.00550657
-2090.06
0.00641051
-445.212
-0.00556109
-2103.22
0.00641909
-447.67
-0.0056138
-2116.7
0.00647697
-450.154
-0.0056055
-2130.17
0.00654253
-452.506
-0.00564705
-2143.8
0.00657498
-455.028
-0.00568812
-2157.74
0.00665624
-457.55
-0.00571965
-2171.67
0.00664573
-460.1
-0.00580645
-2185.95
0.00669993
-462.708
-0.00577722
-2200.25
0.00680059
-465.189
-0.00585149
-2214.73
0.00678389
-467.858
-0.00589116
-2229.55
0.00687861
-470.563
-0.00593535
-2244.4
0.00685958
-473.14
-0.00601298
-2259.46
0.00694373
-475.932
-0.00600821
-2274.71
0.00697665
-478.569
-0.00606811
-2290.13
0.00704477
-481.393
-0.00610947
-2305.89
0.0071058
-484.248
-0.00616958
-2321.7
0.00711907
-486.976
-0.00621952
-2337.71
0.00717755
-489.896
-0.00625777
-2354.09
0.00724904
-492.85
-0.00624877
-2370.53
0.00731841
-495.682
-0.00631752
-2387.21
0.00735882
-498.734
-0.00640731
-2404.12
0.0073914
-501.635
-0.00643611
-2421.22
0.00744436
-504.729
-0.00646359
-2438.71
0.00752232
-507.859
-0.00651164
-2456.27
0.00761684
-510.865
-0.00656226
-2474.07
0.00762287
-514.07
-0.00664088
-2492.28
0.00766878
-517.315
-0.00669223
-2510.58
0.00774537
-520.442
-0.00672903
-2529.17
0.0077862
-523.795
-0.00676808
-2548.02
0.00786804
-527.004
-0.00685144
-2567.11
0.00792833
-530.411
-0.00689889
-2586.62
0.0079657
-533.86
-0.00696892
-2606.25
0.00805048
-537.192
-0.00696058
-2626.16
0.00812446
-540.729
-0.00707869
-2646.53
0.00818331
-544.313
-0.00707648
-2667.03
0.00828888
-547.788
-0.00716757
-2687.87
0.00828628
-551.487
-0.00725394
-2709.02
0.00838315
-555.058
-0.00727419
-2730.46
0.00843149
-558.833
-0.00737045
-2752.38
0.00852236
-562.657
-0.00740756
-2774.47
0.00861132
-566.372
-0.00748009
-2796.9
0.00864852
-570.299
-0.00754456
-2819.83
0.00873393
-574.282
-0.00759317
-2842.97
0.00883071
-578.162
-0.007641
-2866.5
0.00889079
-582.284
-0.00775104
-2890.41
0.0089649
-586.278
-0.00782318
-2914.67
0.00902892
-590.488
-0.0078699
-2939.47
0.0091264
-594.758
-0.00793473
-2964.51
0.00920794
-598.921
-0.00800534
-2989.97
0.00929574
-603.315
-0.00807792
-3016.01
0.00936783
-607.773
-0.00817007
-3042.32
0.00944571
-612.139
-0.00827066
-3069.11
0.00952403
-616.758
-0.00830486
-3096.35
0.00961497
-621.26
-0.00836628
-3124.02
0.00973068
-625.989
-0.00846899
-3152.33
0.00983035
-630.79
-0.00854325
-3180.97
0.00987793
-635.505
-0.0086645
-3210.11
0.00999205
-640.457
-0.00868402
-3239.93
0.0101079
-645.479
-0.00880213
-3270.13
0.0101756
-650.433
-0.00889394
-3300.9
0.0103042
-655.652
-0.00895633
-3332.23
0.0103838
-660.769
-0.00908976
-3364.1
0.0104901
-666.128
-0.00913851
-3396.73
0.0105838
-671.574
-0.00924219
-3429.8
0.010718
-676.951
-0.00934656
-3463.49
0.0108049
-682.58
-0.00946552
-3497.99
0.0108957
-688.306
-0.00957546
-3533
0.0110157
-693.974
-0.00964573
-3568.72
0.0111532
-699.92
-0.00971983
-3605.14
0.0112788
-705.791
-0.00985189
-3642.25
0.0113904
-711.923
-0.00997196
-3680.26
0.0115022
-718.163
-0.0100629
-3718.88
0.0116368
-724.352
-0.0101804
-3758.29
0.0117494
-730.813
-0.010292
-3798.66
0.0119113
-737.361
-0.0104062
-3839.7
0.0120057
-744.031
-0.0105591
-3881.78
0.0121286
-750.858
-0.010683
-3924.6
0.012276
-757.658
-0.0107649
-3968.36
0.0124435
-764.752
-0.0108925
-4013.22
0.0125791
-771.983
-0.0110609
-4058.91
0.0127403
-779.195
-0.0111667
-4105.62
0.0128512
-786.709
-0.0113268
-4153.54
0.0130469
-794.343
-0.0114185
-4202.36
0.0132062
-802.132
-0.0115849
-4252.5
0.0133555
-810.112
-0.0117072
-4303.65
0.013557
-818.102
-0.0118839
-4356
0.0136624
-826.424
-0.0120511
-4409.77
0.0138836
-834.923
-0.0121558
-4464.68
0.0140472
-843.443
-0.0123437
-4520.92
0.0142543
-852.309
-0.0125153
-4578.72
0.0144333
-861.336
-0.0126775
-4637.78
0.0145868
-870.569
-0.0128642
-4698.53
0.0147981
-880.041
-0.0130345
-4760.68
0.0150268
-889.574
-0.0132013
-4824.46
0.0152388
-899.494
-0.0133961
-4890.08
0.015441
-909.642
-0.0135865
-4957.29
0.0156483
-919.875
-0.0138022
-5026.33
0.0158648
-930.515
-0.0139806
-5097.42
0.0161102
-941.383
-0.0142009
-5170.3
0.0163571
-952.523
-0.0144013
-5245.44
0.0166133
-963.97
-0.0146465
-5322.56
0.0168378
-975.558
-0.0148797
-5401.94
0.0170933
-987.609
-0.0150962
-5483.81
0.0173599
-999.977
-0.0153284
-5567.98
0.0176552
-1012.51
-0.0156003
-5654.71
0.0179493
-1025.55
-0.0158404
-5744.27
0.018205
-1038.91
-0.0161495
-5836.46
0.018508
-1052.65
-0.0163712
-5931.76
0.0188609
-1066.8
-0.0166662
-6029.99
0.0191503
-1081.21
-0.0169637
-6131.46
0.0195131
-1096.21
-0.0172734
-6236.48
0.0198033
-1111.65
-0.0176124
-6344.91
0.0201807
-1127.4
-0.017894
-6457.09
0.0205487
-1143.79
-0.0182523
-6573.38
0.02094
-1160.67
-0.0186088
-6693.65
0.0213312
-1178.08
-0.0189644
-6818.48
0.0217268
-1196.09
-0.0193475
-6947.8
0.0221485
-1214.54
-0.0197321
-7082.01
0.0226291
-1233.77
-0.0200927
-7221.56
0.0230712
-1253.67
-0.0205287
-7366.43
0.0235662
-1274.1
-0.0210076
-7517.11
0.0240298
-1295.41
-0.0214479
-7674.12
0.0245401
-1317.47
-0.0219045
-7837.49
0.0251156
-1340.35
-0.0224014
-8008.01
0.02569
-1364.13
-0.0229277
-8185.81
0.026231
-1388.67
-0.0234914
-8371.52
0.0268591
-1414.35
-0.0240667
-8565.84
0.0274828
-1441.06
-0.0246303
-8769.06
0.0281737
-1468.72
-0.0252561
-8981.96
0.0288809
-1497.71
-0.0259204
-9205.41
0.0296487
-1527.93
-0.0265987
-9439.86
0.0303725
-1559.48
-0.0273541
-9686.52
0.0312158
-1592.5
-0.0280762
-9946
0.0320791
-1626.91
-0.0289152
-10219.5
0.0329883
-1663.13
-0.029712
-10508.4
0.0339936
-1701.13
-0.0306445
-10813.6
0.0349403
-1740.9
-0.031614
-11136.7
0.0360545
-1782.93
-0.032584
-11479.4
0.0371886
-1827.01
-0.0336896
-11843.5
0.0384114
-1873.69
-0.0348373
-12231.1
0.0397038
-1922.99
-0.0360657
-12644.4
0.041069
-1975.18
-0.0373895
-13086
0.0425406
-2030.55
-0.0387836
-13559.3
0.0441497
-2089.43
-0.0402714
-14067.2
0.0458652
-2151.98
-0.0419177
-14614.1
0.0476884
-2218.95
-0.0436917
-15204.4
0.0496499
-2290.43
-0.0456134
-15843.6
0.0518114
-2367.28
-0.0476832
-16538.1
0.0541356
-2449.97
-0.0499575
-17295.1
0.0567116
-2539.05
-0.052449
-18123.4
0.0594781
-2635.69
-0.0552092
-19033.9
0.0625537
-2740.73
-0.0582608
-20038.9
0.0659551
-2855.19
-0.0615992
-21154.1
0.0697312
-2980.86
-0.0653564
-22398.6
0.0739703
-3119.1
-0.0696443
-23796.1
0.078729
-3272.38
-0.0744375
-25376.7
0.0840569
-3443.2
-0.0799732
-27178.2
0.0902246
-3634.72
-0.0862689
-29250.5
0.0973017
-3851.53
-0.093709
-31659.4
0.105515
-4099
-0.102428
-34493.3
0.115251
-4384.28
-0.1129
-37874.9
0.126815
-4717.64
-0.125672
-41979
0.140949
-5112.54
-0.141487
-47063.2
0.158457
-5589.22
-0.161746
-53524.1
0.180814
-6177.26
-0.188438
-62003.4
0.210212
-6923.29
-0.225248
-73614.8
0.250566
-7906.05
-0.279032
-90470.9
0.309397
-9268.4
-0.364754
-117123
0.402832
-11304.7
-0.521936
-165489
0.573161
-14745.5
-0.898556
-279748
0.977987
-22118.3
-2.88014
-868738
