1.79491e-09
1.79491e-09
1.79491e-09
1.79492e-09
1.79492e-09
1.79492e-09
1.79493e-09
1.79494e-09
1.79494e-09
1.79496e-09
1.79497e-09
1.79497e-09
1.79498e-09
1.795e-09
1.79502e-09
1.79504e-09
1.79505e-09
1.79507e-09
1.79507e-09
1.79513e-09
1.79513e-09
1.79515e-09
1.79518e-09
1.7952e-09
1.79523e-09
1.79526e-09
1.79528e-09
1.79531e-09
1.79534e-09
1.79537e-09
1.79541e-09
1.79544e-09
1.79548e-09
1.79551e-09
1.79555e-09
1.79559e-09
1.79563e-09
1.79567e-09
1.79571e-09
1.79575e-09
1.79579e-09
1.79584e-09
1.79589e-09
1.79594e-09
1.79598e-09
1.79603e-09
1.79608e-09
1.79613e-09
1.79619e-09
1.79624e-09
1.79629e-09
1.79635e-09
1.79641e-09
1.79647e-09
1.79653e-09
1.79658e-09
1.79665e-09
1.79671e-09
1.79677e-09
1.79684e-09
1.7969e-09
1.79697e-09
1.79704e-09
1.79711e-09
1.79718e-09
1.79725e-09
1.79732e-09
1.7974e-09
1.79747e-09
1.79755e-09
1.79763e-09
1.7977e-09
1.79778e-09
1.79786e-09
1.79795e-09
1.79803e-09
1.79811e-09
1.7982e-09
1.79828e-09
1.79837e-09
1.79846e-09
1.79855e-09
1.79864e-09
1.79873e-09
1.79882e-09
1.79892e-09
1.79901e-09
1.79911e-09
1.79921e-09
1.7993e-09
1.7994e-09
1.7995e-09
1.7996e-09
1.79971e-09
1.79981e-09
1.79991e-09
1.80002e-09
1.80013e-09
1.80024e-09
1.80035e-09
1.80046e-09
1.80057e-09
1.80068e-09
1.8008e-09
1.80092e-09
1.80103e-09
1.80115e-09
1.80127e-09
1.80139e-09
1.80151e-09
1.80163e-09
1.80175e-09
1.80188e-09
1.802e-09
1.80213e-09
1.80225e-09
1.80238e-09
1.80251e-09
1.80265e-09
1.80278e-09
1.80291e-09
1.80305e-09
1.80318e-09
1.80332e-09
1.80346e-09
1.80359e-09
1.80373e-09
1.80388e-09
1.80402e-09
1.80416e-09
1.80431e-09
1.80445e-09
1.8046e-09
1.80475e-09
1.8049e-09
1.80505e-09
1.8052e-09
1.80535e-09
1.8055e-09
1.80566e-09
1.80581e-09
1.80597e-09
1.80613e-09
1.80629e-09
1.80645e-09
1.80661e-09
1.80677e-09
1.80694e-09
1.8071e-09
1.80727e-09
1.80744e-09
1.80761e-09
1.80778e-09
1.80795e-09
1.80812e-09
1.80829e-09
1.80847e-09
1.80864e-09
1.80882e-09
1.80899e-09
1.80917e-09
1.80936e-09
1.80954e-09
1.80972e-09
1.8099e-09
1.81009e-09
1.81027e-09
1.81046e-09
1.81065e-09
1.81084e-09
1.81103e-09
1.81122e-09
1.81141e-09
1.81161e-09
1.8118e-09
1.812e-09
1.81219e-09
1.81239e-09
1.81259e-09
1.8128e-09
1.813e-09
1.8132e-09
1.81341e-09
1.81361e-09
1.81382e-09
1.81402e-09
1.81423e-09
1.81444e-09
1.81465e-09
1.81487e-09
1.81508e-09
1.8153e-09
1.81551e-09
1.81573e-09
1.81595e-09
1.81617e-09
1.81639e-09
1.81661e-09
1.81683e-09
1.81706e-09
1.81728e-09
1.81751e-09
1.81774e-09
1.81797e-09
1.8182e-09
1.81843e-09
1.81866e-09
1.81889e-09
1.81913e-09
1.81937e-09
1.8196e-09
1.81984e-09
1.82008e-09
1.82032e-09
1.82056e-09
1.82081e-09
1.82105e-09
1.8213e-09
1.82154e-09
1.82179e-09
1.82204e-09
1.82229e-09
1.82254e-09
1.82279e-09
1.82305e-09
1.8233e-09
1.82356e-09
1.82382e-09
1.82408e-09
1.82434e-09
1.8246e-09
1.82486e-09
1.82512e-09
1.82539e-09
1.82565e-09
1.82592e-09
1.82619e-09
1.82645e-09
1.82672e-09
1.82701e-09
1.82729e-09
1.82755e-09
1.82783e-09
1.82811e-09
1.82838e-09
1.82866e-09
1.82894e-09
1.82922e-09
1.8295e-09
1.82979e-09
1.83008e-09
1.83036e-09
1.83065e-09
1.83094e-09
1.83123e-09
1.83152e-09
1.83181e-09
1.8321e-09
1.8324e-09
1.8327e-09
1.83299e-09
1.8333e-09
1.83359e-09
1.83389e-09
1.83419e-09
1.8345e-09
1.8348e-09
1.83511e-09
1.83542e-09
1.83573e-09
1.83604e-09
1.83635e-09
1.83666e-09
1.83698e-09
1.83729e-09
1.83761e-09
1.83793e-09
1.83824e-09
1.83856e-09
1.83888e-09
1.8392e-09
1.83953e-09
1.83985e-09
1.84018e-09
1.84051e-09
1.84083e-09
1.84116e-09
1.84149e-09
1.84183e-09
1.84216e-09
1.84249e-09
1.84283e-09
1.84317e-09
1.84351e-09
1.84385e-09
1.84419e-09
1.84453e-09
1.84487e-09
1.84522e-09
1.84557e-09
1.84591e-09
1.84626e-09
1.84661e-09
1.84696e-09
1.84731e-09
1.84767e-09
1.84802e-09
1.84838e-09
1.84874e-09
1.8491e-09
1.84945e-09
1.84982e-09
1.85018e-09
1.85055e-09
1.85091e-09
1.85128e-09
1.85164e-09
1.85201e-09
1.85238e-09
1.85276e-09
1.85313e-09
1.8535e-09
1.85388e-09
1.85425e-09
1.85464e-09
1.85501e-09
1.85539e-09
1.85578e-09
1.85616e-09
1.85654e-09
1.85693e-09
1.85732e-09
1.85771e-09
1.8581e-09
1.85849e-09
1.85888e-09
1.85928e-09
1.85967e-09
1.86006e-09
1.86046e-09
1.86086e-09
1.86126e-09
1.86167e-09
1.86207e-09
1.86247e-09
1.86288e-09
1.86328e-09
1.86369e-09
1.86411e-09
1.86451e-09
1.86493e-09
1.86534e-09
1.86576e-09
1.86617e-09
1.86659e-09
1.86701e-09
1.86743e-09
1.86785e-09
1.86827e-09
1.8687e-09
1.86913e-09
1.86955e-09
1.86998e-09
1.87041e-09
1.87084e-09
1.87127e-09
1.87171e-09
1.87214e-09
1.87258e-09
1.87302e-09
1.87346e-09
1.8739e-09
1.87434e-09
1.87478e-09
1.87523e-09
1.87567e-09
1.87612e-09
1.87657e-09
1.87702e-09
1.87747e-09
1.87793e-09
1.87838e-09
1.87884e-09
1.87929e-09
1.87975e-09
1.88022e-09
1.88067e-09
1.88114e-09
1.8816e-09
1.88207e-09
1.88253e-09
1.883e-09
1.88347e-09
1.88394e-09
1.88442e-09
1.88489e-09
1.88537e-09
1.88584e-09
1.88632e-09
1.8868e-09
1.88728e-09
1.88776e-09
1.88824e-09
1.88873e-09
1.88922e-09
1.8897e-09
1.89019e-09
1.89068e-09
1.89118e-09
1.89167e-09
1.89217e-09
1.89266e-09
1.89316e-09
1.89366e-09
1.89416e-09
1.89466e-09
1.89517e-09
1.89567e-09
1.89618e-09
1.89669e-09
1.8972e-09
1.8977e-09
1.89822e-09
1.89873e-09
1.89925e-09
1.89976e-09
1.90028e-09
1.9008e-09
1.90132e-09
1.90184e-09
1.90237e-09
1.9029e-09
1.90342e-09
1.90395e-09
1.90448e-09
1.90501e-09
1.90554e-09
1.90608e-09
1.90661e-09
1.90715e-09
1.90769e-09
1.90823e-09
1.90877e-09
1.90932e-09
1.90986e-09
1.91041e-09
1.91096e-09
1.9115e-09
1.91205e-09
1.91261e-09
1.91316e-09
1.91372e-09
1.91427e-09
1.91483e-09
1.91539e-09
1.91595e-09
1.91651e-09
1.91708e-09
1.91764e-09
1.91821e-09
1.91877e-09
1.91935e-09
1.91992e-09
1.92049e-09
1.92107e-09
1.92164e-09
1.92222e-09
1.9228e-09
1.92338e-09
1.92396e-09
1.92455e-09
1.92514e-09
1.92572e-09
1.92631e-09
1.9269e-09
1.92749e-09
1.92809e-09
1.92868e-09
1.92928e-09
1.92987e-09
1.93048e-09
1.93107e-09
1.93168e-09
1.93228e-09
1.93289e-09
1.9335e-09
1.93411e-09
1.93471e-09
1.93533e-09
1.93594e-09
1.93655e-09
1.93718e-09
1.9378e-09
1.9384e-09
1.93907e-09
1.93967e-09
1.94033e-09
1.94087e-09
1.94154e-09
1.94217e-09
1.94278e-09
1.94343e-09
1.94406e-09
1.94469e-09
1.94534e-09
1.94598e-09
1.94661e-09
1.94726e-09
1.9479e-09
1.94854e-09
1.9492e-09
1.94984e-09
1.95049e-09
1.95115e-09
1.9518e-09
1.95246e-09
1.95312e-09
1.95377e-09
1.95443e-09
1.9551e-09
1.95576e-09
1.95643e-09
1.9571e-09
1.95776e-09
1.95843e-09
1.95911e-09
1.95978e-09
1.96046e-09
1.96113e-09
1.96181e-09
1.96249e-09
1.96317e-09
1.96385e-09
1.96454e-09
1.96523e-09
1.96592e-09
1.96661e-09
1.9673e-09
1.96799e-09
1.96869e-09
1.96939e-09
1.97009e-09
1.97079e-09
1.97149e-09
1.97219e-09
1.9729e-09
1.97361e-09
1.97432e-09
1.97503e-09
1.97574e-09
1.97646e-09
1.97718e-09
1.97789e-09
1.97861e-09
1.97934e-09
1.98006e-09
1.98078e-09
1.98151e-09
1.98224e-09
1.98297e-09
1.9837e-09
1.98444e-09
1.98517e-09
1.98591e-09
1.98665e-09
1.98739e-09
1.98813e-09
1.98888e-09
1.98963e-09
1.99037e-09
1.99112e-09
1.99187e-09
1.99263e-09
1.99338e-09
1.99414e-09
1.9949e-09
1.99566e-09
1.99642e-09
1.99719e-09
1.99795e-09
1.99872e-09
1.99949e-09
2.00027e-09
2.00104e-09
2.00181e-09
2.00259e-09
2.00337e-09
2.00415e-09
2.00493e-09
2.00572e-09
2.00651e-09
2.00729e-09
2.00808e-09
2.00887e-09
2.00967e-09
2.01047e-09
2.01126e-09
2.01206e-09
2.01286e-09
2.01367e-09
2.01447e-09
2.01528e-09
2.01609e-09
2.0169e-09
2.01771e-09
2.01852e-09
2.01934e-09
2.02016e-09
2.02098e-09
2.0218e-09
2.02263e-09
2.02345e-09
2.02428e-09
2.02511e-09
2.02595e-09
2.02678e-09
2.02761e-09
2.02845e-09
2.02929e-09
2.03014e-09
2.03098e-09
2.03182e-09
2.03267e-09
2.03352e-09
2.03437e-09
2.03523e-09
2.03608e-09
2.03694e-09
2.0378e-09
2.03866e-09
2.03952e-09
2.04039e-09
2.04125e-09
2.04212e-09
2.04299e-09
2.04387e-09
2.04474e-09
2.04562e-09
2.0465e-09
2.04738e-09
2.04826e-09
2.04915e-09
2.05004e-09
2.05093e-09
2.05182e-09
2.05271e-09
2.05361e-09
2.05451e-09
2.0554e-09
2.05631e-09
2.05721e-09
2.05812e-09
2.05903e-09
2.05993e-09
2.06084e-09
2.06176e-09
2.06268e-09
2.06359e-09
2.06452e-09
2.06544e-09
2.06636e-09
2.06729e-09
2.06822e-09
2.06915e-09
2.07008e-09
2.07102e-09
2.07195e-09
2.0729e-09
2.07384e-09
2.07478e-09
2.07573e-09
2.07667e-09
2.07762e-09
2.07858e-09
2.07953e-09
2.08049e-09
2.08145e-09
2.08241e-09
2.08337e-09
2.08434e-09
2.0853e-09
2.08627e-09
2.08724e-09
2.08822e-09
2.08919e-09
2.09017e-09
2.09115e-09
2.09214e-09
2.09312e-09
2.09411e-09
2.0951e-09
2.09609e-09
2.09708e-09
2.09808e-09
2.09908e-09
2.10008e-09
2.10108e-09
2.10209e-09
2.1031e-09
2.1041e-09
2.10512e-09
2.10613e-09
2.10715e-09
2.10816e-09
2.10919e-09
2.11021e-09
2.11124e-09
2.11227e-09
2.11329e-09
2.11433e-09
2.11537e-09
2.1164e-09
2.11744e-09
2.11848e-09
2.11952e-09
2.12057e-09
2.12162e-09
2.12267e-09
2.12373e-09
2.12479e-09
2.12584e-09
2.12691e-09
2.12797e-09
2.12903e-09
2.1301e-09
2.13117e-09
2.13224e-09
2.13332e-09
2.1344e-09
2.13547e-09
2.13656e-09
2.13764e-09
2.13872e-09
2.13982e-09
2.14091e-09
2.142e-09
2.14311e-09
2.1442e-09
2.1453e-09
2.14641e-09
2.14751e-09
2.14861e-09
2.14974e-09
2.15085e-09
2.15195e-09
2.15309e-09
2.15421e-09
2.15532e-09
2.15646e-09
2.15759e-09
2.15869e-09
2.15985e-09
2.16106e-09
2.1622e-09
2.16328e-09
2.1644e-09
2.16557e-09
2.16671e-09
2.16785e-09
2.16902e-09
2.17018e-09
2.17133e-09
2.1725e-09
2.17366e-09
2.17482e-09
2.176e-09
2.17717e-09
2.17834e-09
2.17953e-09
2.18071e-09
2.18188e-09
2.18308e-09
2.18426e-09
2.18545e-09
2.18665e-09
2.18784e-09
2.18904e-09
2.19024e-09
2.19144e-09
2.19265e-09
2.19387e-09
2.19508e-09
2.19628e-09
2.19751e-09
2.19873e-09
2.19995e-09
2.20118e-09
2.2024e-09
2.20363e-09
2.20487e-09
2.20611e-09
2.20735e-09
2.20859e-09
2.20984e-09
2.21108e-09
2.21233e-09
2.21359e-09
2.21484e-09
2.2161e-09
2.21736e-09
2.21863e-09
2.2199e-09
2.22117e-09
2.22244e-09
2.22371e-09
2.22499e-09
2.22627e-09
2.22756e-09
2.22884e-09
2.23014e-09
2.23143e-09
2.23272e-09
2.23402e-09
2.23533e-09
2.23663e-09
2.23794e-09
2.23925e-09
2.24056e-09
2.24188e-09
2.24319e-09
2.24452e-09
2.24584e-09
2.24717e-09
2.2485e-09
2.24984e-09
2.25117e-09
2.25251e-09
2.25385e-09
2.2552e-09
2.25655e-09
2.2579e-09
2.25926e-09
2.26062e-09
2.26198e-09
2.26334e-09
2.26471e-09
2.26608e-09
2.26745e-09
2.26883e-09
2.2702e-09
2.27159e-09
2.27297e-09
2.27436e-09
2.27575e-09
2.27715e-09
2.27855e-09
2.27995e-09
2.28135e-09
2.28276e-09
2.28417e-09
2.28558e-09
2.287e-09
2.28842e-09
2.28984e-09
2.29127e-09
2.2927e-09
2.29413e-09
2.29557e-09
2.29701e-09
2.29845e-09
2.29989e-09
2.30134e-09
2.30279e-09
2.30425e-09
2.30571e-09
2.30717e-09
2.30864e-09
2.3101e-09
2.31158e-09
2.31305e-09
2.31453e-09
2.31601e-09
2.3175e-09
2.31898e-09
2.32048e-09
2.32197e-09
2.32347e-09
2.32497e-09
2.32647e-09
2.32798e-09
2.32949e-09
2.33101e-09
2.33253e-09
2.33405e-09
2.33558e-09
2.3371e-09
2.33864e-09
2.34017e-09
2.34171e-09
2.34326e-09
2.3448e-09
2.34635e-09
2.34791e-09
2.34946e-09
2.35102e-09
2.35259e-09
2.35415e-09
2.35572e-09
2.3573e-09
2.35888e-09
2.36046e-09
2.36204e-09
2.36363e-09
2.36523e-09
2.36682e-09
2.36842e-09
2.37002e-09
2.37163e-09
2.37324e-09
2.37486e-09
2.37647e-09
2.37809e-09
2.37972e-09
2.38135e-09
2.38298e-09
2.38462e-09
2.38626e-09
2.3879e-09
2.38955e-09
2.3912e-09
2.39285e-09
2.39452e-09
2.39617e-09
2.39784e-09
2.39951e-09
2.40119e-09
2.40286e-09
2.40455e-09
2.40623e-09
2.40792e-09
2.40961e-09
2.41131e-09
2.41301e-09
2.41472e-09
2.41642e-09
2.41814e-09
2.41985e-09
2.42157e-09
2.4233e-09
2.42503e-09
2.42676e-09
2.42849e-09
2.43024e-09
2.43198e-09
2.43373e-09
2.43548e-09
2.43723e-09
2.43899e-09
2.44076e-09
2.44253e-09
2.4443e-09
2.44608e-09
2.44786e-09
2.44964e-09
2.45143e-09
2.45323e-09
2.45502e-09
2.45683e-09
2.45863e-09
2.46044e-09
2.46226e-09
2.46407e-09
2.4659e-09
2.46772e-09
2.46955e-09
2.47139e-09
2.47323e-09
2.47507e-09
2.47692e-09
2.47877e-09
2.48063e-09
2.48248e-09
2.48436e-09
2.48623e-09
2.4881e-09
2.48997e-09
2.49186e-09
2.49374e-09
2.49563e-09
2.49753e-09
2.49943e-09
2.50133e-09
2.50324e-09
2.50516e-09
2.50707e-09
2.50899e-09
2.51093e-09
2.51286e-09
2.51479e-09
2.51673e-09
2.51868e-09
2.52063e-09
2.52258e-09
2.52454e-09
2.5265e-09
2.52847e-09
2.53044e-09
2.53242e-09
2.53441e-09
2.53639e-09
2.53838e-09
2.54038e-09
2.54238e-09
2.54438e-09
2.5464e-09
2.54841e-09
2.55042e-09
2.55247e-09
2.5545e-09
2.5565e-09
2.55852e-09
2.56059e-09
2.56265e-09
2.56469e-09
2.56675e-09
2.56882e-09
2.57089e-09
2.57296e-09
2.57504e-09
2.57712e-09
2.57921e-09
2.5813e-09
2.5834e-09
2.5855e-09
2.58761e-09
2.58972e-09
2.59184e-09
2.59397e-09
2.59609e-09
2.59823e-09
2.60037e-09
2.60251e-09
2.60466e-09
2.60681e-09
2.60897e-09
2.61113e-09
2.61331e-09
2.61548e-09
2.61766e-09
2.61984e-09
2.62203e-09
2.62423e-09
2.62643e-09
2.62863e-09
2.63085e-09
2.63307e-09
2.63529e-09
2.63751e-09
2.63975e-09
2.64199e-09
2.64423e-09
2.64648e-09
2.64873e-09
2.65099e-09
2.65326e-09
2.65553e-09
2.65781e-09
2.66009e-09
2.66238e-09
2.66467e-09
2.66697e-09
2.66928e-09
2.67158e-09
2.6739e-09
2.67622e-09
2.67855e-09
2.68089e-09
2.68322e-09
2.68557e-09
2.68792e-09
2.69027e-09
2.69264e-09
2.695e-09
2.69738e-09
2.69976e-09
2.70214e-09
2.70454e-09
2.70693e-09
2.70933e-09
2.71174e-09
2.71416e-09
2.71658e-09
2.71901e-09
2.72144e-09
2.72388e-09
2.72633e-09
2.72877e-09
2.73123e-09
2.7337e-09
2.73616e-09
2.73864e-09
2.74112e-09
2.74361e-09
2.7461e-09
2.7486e-09
2.75111e-09
2.75362e-09
2.75614e-09
2.75867e-09
2.7612e-09
2.76374e-09
2.76628e-09
2.76884e-09
2.77139e-09
2.77396e-09
2.77653e-09
2.77911e-09
2.78169e-09
2.78428e-09
2.78687e-09
2.78948e-09
2.79209e-09
2.7947e-09
2.79733e-09
2.79996e-09
2.80259e-09
2.80523e-09
2.80788e-09
2.81054e-09
2.8132e-09
2.81587e-09
2.81855e-09
2.82123e-09
2.82392e-09
2.82662e-09
2.82932e-09
2.83204e-09
2.83475e-09
2.83748e-09
2.84021e-09
2.84295e-09
2.8457e-09
2.84845e-09
2.85121e-09
2.85398e-09
2.85675e-09
2.85953e-09
2.86232e-09
2.86512e-09
2.86792e-09
2.87073e-09
2.87355e-09
2.87638e-09
2.87921e-09
2.88205e-09
2.8849e-09
2.88775e-09
2.89061e-09
2.89348e-09
2.89636e-09
2.89924e-09
2.90214e-09
2.90504e-09
2.90794e-09
2.91086e-09
2.91378e-09
2.91671e-09
2.91965e-09
2.92259e-09
2.92555e-09
2.92851e-09
2.93148e-09
2.93446e-09
2.93744e-09
2.94043e-09
2.94343e-09
2.94644e-09
2.94946e-09
2.95248e-09
2.95551e-09
2.95856e-09
2.96161e-09
2.96466e-09
2.96773e-09
2.9708e-09
2.97388e-09
2.97697e-09
2.98007e-09
2.98318e-09
2.98629e-09
2.98941e-09
2.99254e-09
2.99568e-09
2.99883e-09
3.00199e-09
3.00515e-09
3.00833e-09
3.01151e-09
3.0147e-09
3.0179e-09
3.02111e-09
3.02433e-09
3.02755e-09
3.03078e-09
3.03403e-09
3.03728e-09
3.04054e-09
3.04381e-09
3.04709e-09
3.05038e-09
3.05367e-09
3.05698e-09
3.06029e-09
3.06362e-09
3.06695e-09
3.07029e-09
3.07364e-09
3.077e-09
3.08037e-09
3.08375e-09
3.08714e-09
3.09054e-09
3.09394e-09
3.09736e-09
3.10079e-09
3.10423e-09
3.10767e-09
3.11112e-09
3.11459e-09
3.11806e-09
3.12154e-09
3.12504e-09
3.12854e-09
3.13205e-09
3.13558e-09
3.13911e-09
3.14265e-09
3.14621e-09
3.14977e-09
3.15333e-09
3.15691e-09
3.16051e-09
3.16412e-09
3.16773e-09
3.17135e-09
3.17498e-09
3.17863e-09
3.18228e-09
3.18595e-09
3.18962e-09
3.1933e-09
3.197e-09
3.20071e-09
3.20442e-09
3.20815e-09
3.21189e-09
3.21564e-09
3.2194e-09
3.22317e-09
3.22695e-09
3.23074e-09
3.23455e-09
3.23836e-09
3.24218e-09
3.24602e-09
3.24986e-09
3.25372e-09
3.25759e-09
3.26147e-09
3.26537e-09
3.26927e-09
3.27318e-09
3.27711e-09
3.28105e-09
3.28499e-09
3.28895e-09
3.29293e-09
3.29692e-09
3.30091e-09
3.30492e-09
3.30894e-09
3.31297e-09
3.31701e-09
3.32106e-09
3.32513e-09
3.32921e-09
3.3333e-09
3.3374e-09
3.34152e-09
3.34565e-09
3.34978e-09
3.35393e-09
3.3581e-09
3.36228e-09
3.36646e-09
3.37067e-09
3.37488e-09
3.37911e-09
3.38335e-09
3.3876e-09
3.39187e-09
3.39615e-09
3.40044e-09
3.40474e-09
3.40905e-09
3.41338e-09
3.41773e-09
3.42208e-09
3.42645e-09
3.43083e-09
3.43523e-09
3.43964e-09
3.44406e-09
3.4485e-09
3.45295e-09
3.45741e-09
3.46189e-09
3.46638e-09
3.47089e-09
3.47541e-09
3.47994e-09
3.48449e-09
3.48905e-09
3.49362e-09
3.49821e-09
3.50281e-09
3.50743e-09
3.51206e-09
3.51671e-09
3.52137e-09
3.52605e-09
3.53074e-09
3.53544e-09
3.54016e-09
3.54489e-09
3.54964e-09
3.55441e-09
3.55919e-09
3.56398e-09
3.56879e-09
3.57361e-09
3.57845e-09
3.58331e-09
3.58818e-09
3.59307e-09
3.59797e-09
3.60288e-09
3.60782e-09
3.61276e-09
3.61773e-09
3.62271e-09
3.62771e-09
3.63272e-09
3.63775e-09
3.64279e-09
3.64785e-09
3.65293e-09
3.65802e-09
3.66313e-09
3.66826e-09
3.6734e-09
3.67856e-09
3.68374e-09
3.68893e-09
3.69414e-09
3.69937e-09
3.70462e-09
3.70988e-09
3.71516e-09
3.72046e-09
3.72577e-09
3.7311e-09
3.73645e-09
3.74181e-09
3.7472e-09
3.7526e-09
3.75803e-09
3.76346e-09
3.76892e-09
3.77439e-09
3.77989e-09
3.7854e-09
3.79093e-09
3.79647e-09
3.80204e-09
3.80763e-09
3.81323e-09
3.81886e-09
3.8245e-09
3.83016e-09
3.83584e-09
3.84154e-09
3.84726e-09
3.85299e-09
3.85875e-09
3.86453e-09
3.87033e-09
3.87614e-09
3.88198e-09
3.88784e-09
3.89372e-09
3.89961e-09
3.90553e-09
3.91147e-09
3.91743e-09
3.92341e-09
3.9294e-09
3.93542e-09
3.94147e-09
3.94753e-09
3.95361e-09
3.95972e-09
3.96584e-09
3.97199e-09
3.97816e-09
3.98435e-09
3.99056e-09
3.9968e-09
4.00305e-09
4.00933e-09
4.01563e-09
4.02196e-09
4.0283e-09
4.03467e-09
4.04106e-09
4.04747e-09
4.05391e-09
4.06037e-09
4.06685e-09
4.07336e-09
4.07989e-09
4.08644e-09
4.09302e-09
4.09962e-09
4.10624e-09
4.11289e-09
4.11956e-09
4.12626e-09
4.13297e-09
4.13972e-09
4.14649e-09
4.15329e-09
4.16011e-09
4.16695e-09
4.17382e-09
4.18071e-09
4.18763e-09
4.19458e-09
4.20155e-09
4.20855e-09
4.21557e-09
4.22262e-09
4.2297e-09
4.2368e-09
4.24392e-09
4.25108e-09
4.25826e-09
4.26547e-09
4.2727e-09
4.27997e-09
4.28726e-09
4.29458e-09
4.30192e-09
4.3093e-09
4.3167e-09
4.32412e-09
4.33158e-09
4.33907e-09
4.34658e-09
4.35413e-09
4.3617e-09
4.3693e-09
4.37693e-09
4.38459e-09
4.39228e-09
4.4e-09
4.40775e-09
4.41553e-09
4.42334e-09
4.43118e-09
4.43905e-09
4.44695e-09
4.45489e-09
4.46285e-09
4.47084e-09
4.47887e-09
4.48693e-09
4.49502e-09
4.50314e-09
4.51129e-09
4.51948e-09
4.5277e-09
4.53595e-09
4.54423e-09
4.55255e-09
4.56089e-09
4.56929e-09
4.57771e-09
4.58617e-09
4.59464e-09
4.60317e-09
4.61173e-09
4.62031e-09
4.62894e-09
4.6376e-09
4.64629e-09
4.65502e-09
4.66379e-09
4.67259e-09
4.68143e-09
4.6903e-09
4.69922e-09
4.70817e-09
4.71715e-09
4.72617e-09
4.73524e-09
4.74433e-09
4.75347e-09
4.76264e-09
4.77186e-09
4.78111e-09
4.79039e-09
4.79972e-09
4.8091e-09
4.8185e-09
4.82795e-09
4.83744e-09
4.84697e-09
4.85654e-09
4.86615e-09
4.8758e-09
4.88549e-09
4.89524e-09
4.905e-09
4.91483e-09
4.92468e-09
4.93459e-09
4.94453e-09
4.95452e-09
4.96456e-09
4.97463e-09
4.98475e-09
4.99492e-09
5.00513e-09
5.01539e-09
5.02568e-09
5.03603e-09
5.04642e-09
5.05686e-09
5.06735e-09
5.07788e-09
5.08845e-09
5.09908e-09
5.10975e-09
5.12047e-09
5.13124e-09
5.14206e-09
5.15293e-09
5.16384e-09
5.1748e-09
5.18582e-09
5.19689e-09
5.208e-09
5.21917e-09
5.23039e-09
5.24165e-09
5.25298e-09
5.26435e-09
5.27578e-09
5.28726e-09
5.29879e-09
5.31038e-09
5.32202e-09
5.33371e-09
5.34546e-09
5.35727e-09
5.36913e-09
5.38104e-09
5.39302e-09
5.40505e-09
5.41713e-09
5.42928e-09
5.44148e-09
5.45374e-09
5.46606e-09
5.47844e-09
5.49087e-09
5.50337e-09
5.51593e-09
5.52855e-09
5.54123e-09
5.55398e-09
5.56678e-09
5.57965e-09
5.59258e-09
5.60557e-09
5.61862e-09
5.63175e-09
5.64493e-09
5.65819e-09
5.67151e-09
5.68489e-09
5.69834e-09
5.71186e-09
5.72544e-09
5.7391e-09
5.75283e-09
5.76662e-09
5.78048e-09
5.79442e-09
5.80842e-09
5.8225e-09
5.83664e-09
5.85086e-09
5.86516e-09
5.87953e-09
5.89396e-09
5.90848e-09
5.92307e-09
5.93774e-09
5.95248e-09
5.96731e-09
5.98221e-09
5.99718e-09
6.01224e-09
6.02737e-09
6.04259e-09
6.05789e-09
6.07326e-09
6.08872e-09
6.10427e-09
6.1199e-09
6.1356e-09
6.1514e-09
6.16728e-09
6.18324e-09
6.1993e-09
6.21544e-09
6.23166e-09
6.24798e-09
6.26438e-09
6.28088e-09
6.29748e-09
6.31415e-09
6.33092e-09
6.34779e-09
6.36475e-09
6.3818e-09
6.39895e-09
6.4162e-09
6.43354e-09
6.45098e-09
6.46852e-09
6.48616e-09
6.50391e-09
6.52174e-09
6.53968e-09
6.55773e-09
6.57588e-09
6.59414e-09
6.6125e-09
6.63097e-09
6.64954e-09
6.66823e-09
6.68702e-09
6.70593e-09
6.72494e-09
6.74407e-09
6.76331e-09
6.78266e-09
6.80213e-09
6.82172e-09
6.84143e-09
6.86125e-09
6.88119e-09
6.90125e-09
6.92144e-09
6.94174e-09
6.96218e-09
6.98273e-09
7.00341e-09
7.02422e-09
7.04516e-09
7.06622e-09
7.08742e-09
7.10875e-09
7.13021e-09
7.15181e-09
7.17355e-09
7.19541e-09
7.21742e-09
7.23957e-09
7.26186e-09
7.28429e-09
7.30686e-09
7.32958e-09
7.35245e-09
7.37546e-09
7.39862e-09
7.42193e-09
7.4454e-09
7.46901e-09
7.49279e-09
7.51672e-09
7.54081e-09
7.56505e-09
7.58946e-09
7.61403e-09
7.63877e-09
7.66367e-09
7.68874e-09
7.71397e-09
7.73938e-09
7.76497e-09
7.79072e-09
7.81666e-09
7.84276e-09
7.86906e-09
7.89553e-09
7.92218e-09
7.94902e-09
7.97605e-09
8.00327e-09
8.03068e-09
8.05828e-09
8.08608e-09
8.11408e-09
8.14227e-09
8.17067e-09
8.19928e-09
8.22808e-09
8.2571e-09
8.28631e-09
8.31576e-09
8.34541e-09
8.37528e-09
8.40537e-09
8.43569e-09
8.46622e-09
8.49699e-09
8.52799e-09
8.55921e-09
8.59067e-09
8.62237e-09
8.6543e-09
8.68649e-09
8.71892e-09
8.75159e-09
8.78452e-09
8.81771e-09
8.85114e-09
8.88484e-09
8.91883e-09
8.95305e-09
8.98752e-09
9.02228e-09
9.05734e-09
9.09268e-09
9.12827e-09
9.16416e-09
9.20035e-09
9.23682e-09
9.27359e-09
9.31067e-09
9.34803e-09
9.38571e-09
9.42371e-09
9.46201e-09
9.50064e-09
9.53959e-09
9.57886e-09
9.61846e-09
9.6584e-09
9.69868e-09
9.7393e-09
9.78027e-09
9.82159e-09
9.86327e-09
9.90532e-09
9.94771e-09
9.99049e-09
1.00336e-08
1.00772e-08
1.01211e-08
1.01654e-08
1.02101e-08
1.02552e-08
1.03007e-08
1.03467e-08
1.0393e-08
1.04398e-08
1.0487e-08
1.05346e-08
1.05827e-08
1.06312e-08
1.06802e-08
1.07296e-08
1.07795e-08
1.08299e-08
1.08807e-08
1.0932e-08
1.09839e-08
1.10362e-08
1.10891e-08
1.11424e-08
1.11963e-08
1.12507e-08
1.13056e-08
1.13611e-08
1.14172e-08
1.14738e-08
1.1531e-08
1.15888e-08
1.16471e-08
1.17061e-08
1.17656e-08
1.18258e-08
1.18866e-08
1.1948e-08
1.20101e-08
1.20728e-08
1.21362e-08
1.22003e-08
1.22651e-08
1.23306e-08
1.23967e-08
1.24636e-08
1.25313e-08
1.25997e-08
1.26688e-08
1.27387e-08
1.28094e-08
1.28809e-08
1.29532e-08
1.30263e-08
1.31003e-08
1.31751e-08
1.32508e-08
1.33273e-08
1.34048e-08
1.34832e-08
1.35625e-08
1.36427e-08
1.3724e-08
1.38062e-08
1.38894e-08
1.39736e-08
1.40588e-08
1.41451e-08
1.42325e-08
1.4321e-08
1.44106e-08
1.45013e-08
1.45932e-08
1.46863e-08
1.47806e-08
1.48761e-08
1.49729e-08
1.50709e-08
1.51702e-08
1.52709e-08
1.53729e-08
1.54763e-08
1.55811e-08
1.56873e-08
1.57951e-08
1.59043e-08
1.6015e-08
1.61273e-08
1.62412e-08
1.63568e-08
1.6474e-08
1.65929e-08
1.67135e-08
1.68359e-08
1.69602e-08
1.70863e-08
1.72143e-08
1.73442e-08
1.74761e-08
1.76101e-08
1.77461e-08
1.78843e-08
1.80246e-08
1.81672e-08
1.83121e-08
1.84593e-08
1.86089e-08
1.87609e-08
1.89155e-08
1.90727e-08
1.92325e-08
1.9395e-08
1.95603e-08
1.97284e-08
1.98995e-08
2.00736e-08
2.02508e-08
2.04311e-08
2.06147e-08
2.08016e-08
2.0992e-08
2.11859e-08
2.13834e-08
2.15847e-08
2.17898e-08
2.19988e-08
2.22119e-08
2.24292e-08
2.26508e-08
2.28769e-08
2.31075e-08
2.33428e-08
2.3583e-08
2.38281e-08
2.40785e-08
2.43342e-08
2.45954e-08
2.48622e-08
2.5135e-08
2.54138e-08
2.56988e-08
2.59904e-08
2.62887e-08
2.65939e-08
2.69063e-08
2.72261e-08
2.75537e-08
2.78892e-08
2.82331e-08
2.85855e-08
2.89469e-08
2.93175e-08
2.96978e-08
3.00881e-08
3.04887e-08
3.09003e-08
3.13231e-08
3.17577e-08
3.22045e-08
3.26641e-08
3.3137e-08
3.36238e-08
3.41252e-08
3.46418e-08
3.51743e-08
3.57234e-08
3.62899e-08
3.68748e-08
3.74788e-08
3.8103e-08
3.87483e-08
3.94159e-08
4.0107e-08
4.08227e-08
4.15645e-08
4.23337e-08
4.31319e-08
4.39609e-08
4.48224e-08
4.57185e-08
4.6651e-08
4.76224e-08
4.86352e-08
4.9692e-08
5.07958e-08
5.19498e-08
5.31574e-08
5.44226e-08
5.57495e-08
5.71427e-08
5.86075e-08
6.01493e-08
6.17745e-08
6.349e-08
6.53035e-08
6.72237e-08
6.92603e-08
7.14242e-08
7.37277e-08
7.61849e-08
7.88114e-08
8.16256e-08
8.46484e-08
8.79036e-08
9.14193e-08
9.52279e-08
9.93677e-08
1.03884e-07
1.0883e-07
1.14271e-07
1.20285e-07
1.26967e-07
1.34435e-07
1.42837e-07
1.52359e-07
1.63241e-07
1.75798e-07
1.90447e-07
2.0776e-07
2.28536e-07
2.53928e-07
2.85669e-07
3.26478e-07
3.8089e-07
4.57068e-07
5.71335e-07
7.61779e-07
1.14267e-06
2.28534e-06
1
2.28533e-06
1.14267e-06
7.61778e-07
5.71334e-07
4.57068e-07
3.8089e-07
3.26478e-07
2.85668e-07
2.53928e-07
2.28536e-07
2.0776e-07
1.90447e-07
1.75798e-07
1.63241e-07
1.52359e-07
1.42837e-07
1.34435e-07
1.26967e-07
1.20285e-07
1.14271e-07
1.0883e-07
1.03884e-07
9.93677e-08
9.52278e-08
9.14192e-08
8.79036e-08
8.46483e-08
8.16256e-08
7.88114e-08
7.61848e-08
7.37277e-08
7.14242e-08
6.92603e-08
6.72237e-08
6.53035e-08
6.34899e-08
6.17745e-08
6.01493e-08
5.86074e-08
5.71427e-08
5.57495e-08
5.44226e-08
5.31574e-08
5.19497e-08
5.07957e-08
4.9692e-08
4.86352e-08
4.76224e-08
4.66509e-08
4.57184e-08
4.48224e-08
4.39609e-08
4.31319e-08
4.23337e-08
4.15644e-08
4.08227e-08
4.01069e-08
3.94159e-08
3.87483e-08
3.8103e-08
3.74788e-08
3.68748e-08
3.62899e-08
3.57233e-08
3.51742e-08
3.46418e-08
3.41252e-08
3.36238e-08
3.3137e-08
3.26641e-08
3.22045e-08
3.17576e-08
3.13231e-08
3.09003e-08
3.04887e-08
3.0088e-08
2.96977e-08
2.93175e-08
2.89468e-08
2.85855e-08
2.8233e-08
2.78892e-08
2.75536e-08
2.72261e-08
2.69062e-08
2.65938e-08
2.62886e-08
2.59904e-08
2.56988e-08
2.54138e-08
2.51349e-08
2.48622e-08
2.45953e-08
2.43341e-08
2.40785e-08
2.38281e-08
2.35829e-08
2.33428e-08
2.31074e-08
2.28768e-08
2.26508e-08
2.24292e-08
2.22119e-08
2.19988e-08
2.17898e-08
2.15847e-08
2.13834e-08
2.11859e-08
2.0992e-08
2.08016e-08
2.06147e-08
2.04311e-08
2.02508e-08
2.00736e-08
1.98995e-08
1.97284e-08
1.95603e-08
1.9395e-08
1.92325e-08
1.90727e-08
1.89155e-08
1.87609e-08
1.86089e-08
1.84593e-08
1.83121e-08
1.81672e-08
1.80246e-08
1.78842e-08
1.77461e-08
1.76101e-08
1.74761e-08
1.73442e-08
1.72142e-08
1.70862e-08
1.69601e-08
1.68359e-08
1.67135e-08
1.65928e-08
1.64739e-08
1.63567e-08
1.62412e-08
1.61273e-08
1.6015e-08
1.59042e-08
1.5795e-08
1.56873e-08
1.55811e-08
1.54763e-08
1.53729e-08
1.52708e-08
1.51702e-08
1.50708e-08
1.49728e-08
1.48761e-08
1.47806e-08
1.46863e-08
1.45932e-08
1.45013e-08
1.44106e-08
1.4321e-08
1.42325e-08
1.41451e-08
1.40588e-08
1.39736e-08
1.38893e-08
1.38061e-08
1.37239e-08
1.36427e-08
1.35625e-08
1.34831e-08
1.34048e-08
1.33273e-08
1.32507e-08
1.31751e-08
1.31002e-08
1.30263e-08
1.29532e-08
1.28809e-08
1.28094e-08
1.27387e-08
1.26688e-08
1.25996e-08
1.25312e-08
1.24636e-08
1.23967e-08
1.23305e-08
1.22651e-08
1.22003e-08
1.21362e-08
1.20728e-08
1.20101e-08
1.1948e-08
1.18866e-08
1.18258e-08
1.17656e-08
1.1706e-08
1.16471e-08
1.15887e-08
1.1531e-08
1.14738e-08
1.14172e-08
1.13611e-08
1.13056e-08
1.12507e-08
1.11963e-08
1.11424e-08
1.1089e-08
1.10362e-08
1.09839e-08
1.0932e-08
1.08807e-08
1.08298e-08
1.07795e-08
1.07296e-08
1.06801e-08
1.06312e-08
1.05826e-08
1.05346e-08
1.04869e-08
1.04397e-08
1.0393e-08
1.03466e-08
1.03007e-08
1.02552e-08
1.02101e-08
1.01654e-08
1.01211e-08
1.00772e-08
1.00336e-08
9.99046e-09
9.94769e-09
9.90529e-09
9.86324e-09
9.82156e-09
9.78025e-09
9.73927e-09
9.69865e-09
9.65838e-09
9.61844e-09
9.57883e-09
9.53957e-09
9.50061e-09
9.46198e-09
9.42369e-09
9.38569e-09
9.348e-09
9.31064e-09
9.27357e-09
9.23679e-09
9.20033e-09
9.16414e-09
9.12824e-09
9.09265e-09
9.05731e-09
9.02226e-09
8.9875e-09
8.95303e-09
8.9188e-09
8.88482e-09
8.85112e-09
8.81768e-09
8.7845e-09
8.75157e-09
8.7189e-09
8.68647e-09
8.65428e-09
8.62234e-09
8.59065e-09
8.55918e-09
8.52796e-09
8.49696e-09
8.46619e-09
8.43566e-09
8.40535e-09
8.37525e-09
8.34539e-09
8.31573e-09
8.28629e-09
8.25707e-09
8.22805e-09
8.19925e-09
8.17065e-09
8.14224e-09
8.11405e-09
8.08606e-09
8.05826e-09
8.03065e-09
8.00325e-09
7.97603e-09
7.949e-09
7.92216e-09
7.8955e-09
7.86903e-09
7.84274e-09
7.81663e-09
7.7907e-09
7.76494e-09
7.73936e-09
7.71395e-09
7.68871e-09
7.66364e-09
7.63874e-09
7.61401e-09
7.58944e-09
7.56503e-09
7.54078e-09
7.51669e-09
7.49276e-09
7.46899e-09
7.44537e-09
7.42191e-09
7.3986e-09
7.37543e-09
7.35242e-09
7.32956e-09
7.30684e-09
7.28426e-09
7.26183e-09
7.23955e-09
7.2174e-09
7.19539e-09
7.17352e-09
7.15178e-09
7.13019e-09
7.10873e-09
7.08739e-09
7.0662e-09
7.04513e-09
7.02419e-09
7.00339e-09
6.9827e-09
6.96215e-09
6.94172e-09
6.92141e-09
6.90123e-09
6.88116e-09
6.86122e-09
6.8414e-09
6.82169e-09
6.80211e-09
6.78264e-09
6.76328e-09
6.74404e-09
6.72492e-09
6.7059e-09
6.687e-09
6.6682e-09
6.64952e-09
6.63094e-09
6.61247e-09
6.59411e-09
6.57586e-09
6.5577e-09
6.53966e-09
6.52172e-09
6.50388e-09
6.48613e-09
6.46849e-09
6.45096e-09
6.43351e-09
6.41617e-09
6.39893e-09
6.38177e-09
6.36472e-09
6.34776e-09
6.3309e-09
6.31413e-09
6.29745e-09
6.28086e-09
6.26436e-09
6.24795e-09
6.23164e-09
6.21541e-09
6.19927e-09
6.18322e-09
6.16725e-09
6.15137e-09
6.13558e-09
6.11987e-09
6.10424e-09
6.0887e-09
6.07323e-09
6.05786e-09
6.04256e-09
6.02735e-09
6.01221e-09
5.99716e-09
5.98218e-09
5.96728e-09
5.95246e-09
5.93772e-09
5.92305e-09
5.90846e-09
5.89394e-09
5.8795e-09
5.86513e-09
5.85084e-09
5.83662e-09
5.82247e-09
5.80839e-09
5.79439e-09
5.78046e-09
5.76659e-09
5.7528e-09
5.73907e-09
5.72541e-09
5.71184e-09
5.69832e-09
5.68487e-09
5.67148e-09
5.65816e-09
5.64491e-09
5.63172e-09
5.6186e-09
5.60554e-09
5.59255e-09
5.57962e-09
5.56675e-09
5.55395e-09
5.54121e-09
5.52852e-09
5.51591e-09
5.50335e-09
5.49085e-09
5.47841e-09
5.46603e-09
5.45371e-09
5.44145e-09
5.42925e-09
5.41711e-09
5.40502e-09
5.39299e-09
5.38102e-09
5.3691e-09
5.35724e-09
5.34544e-09
5.33369e-09
5.32199e-09
5.31035e-09
5.29876e-09
5.28723e-09
5.27575e-09
5.26433e-09
5.25295e-09
5.24163e-09
5.23036e-09
5.21914e-09
5.20797e-09
5.19686e-09
5.1858e-09
5.17478e-09
5.16381e-09
5.1529e-09
5.14203e-09
5.13122e-09
5.12045e-09
5.10972e-09
5.09905e-09
5.08842e-09
5.07785e-09
5.06732e-09
5.05683e-09
5.0464e-09
5.03601e-09
5.02566e-09
5.01536e-09
5.00511e-09
4.99489e-09
4.98472e-09
4.97461e-09
4.96453e-09
4.9545e-09
4.94451e-09
4.93456e-09
4.92465e-09
4.9148e-09
4.90498e-09
4.89521e-09
4.88546e-09
4.87577e-09
4.86612e-09
4.85651e-09
4.84694e-09
4.83742e-09
4.82792e-09
4.81848e-09
4.80907e-09
4.7997e-09
4.79037e-09
4.78108e-09
4.77183e-09
4.76262e-09
4.75344e-09
4.74431e-09
4.73521e-09
4.72615e-09
4.71712e-09
4.70814e-09
4.69919e-09
4.69028e-09
4.6814e-09
4.67256e-09
4.66377e-09
4.655e-09
4.64626e-09
4.63757e-09
4.62891e-09
4.62028e-09
4.6117e-09
4.60314e-09
4.59462e-09
4.58615e-09
4.57768e-09
4.56927e-09
4.56086e-09
4.55253e-09
4.54421e-09
4.53592e-09
4.52768e-09
4.51945e-09
4.51126e-09
4.50311e-09
4.49499e-09
4.4869e-09
4.47885e-09
4.47081e-09
4.46282e-09
4.45486e-09
4.44692e-09
4.43902e-09
4.43116e-09
4.42331e-09
4.41551e-09
4.40772e-09
4.39998e-09
4.39226e-09
4.38457e-09
4.3769e-09
4.36927e-09
4.36168e-09
4.3541e-09
4.34656e-09
4.33904e-09
4.33156e-09
4.3241e-09
4.31667e-09
4.30927e-09
4.3019e-09
4.29455e-09
4.28723e-09
4.27994e-09
4.27268e-09
4.26544e-09
4.25824e-09
4.25105e-09
4.2439e-09
4.23677e-09
4.22967e-09
4.2226e-09
4.21554e-09
4.20852e-09
4.20153e-09
4.19455e-09
4.18761e-09
4.18069e-09
4.17379e-09
4.16692e-09
4.16008e-09
4.15326e-09
4.14647e-09
4.1397e-09
4.13295e-09
4.12623e-09
4.11953e-09
4.11286e-09
4.10621e-09
4.09959e-09
4.09299e-09
4.08641e-09
4.07986e-09
4.07333e-09
4.06683e-09
4.06034e-09
4.05388e-09
4.04745e-09
4.04104e-09
4.03464e-09
4.02827e-09
4.02193e-09
4.01561e-09
4.00931e-09
4.00303e-09
3.99677e-09
3.99054e-09
3.98432e-09
3.97813e-09
3.97196e-09
3.96582e-09
3.95969e-09
3.95358e-09
3.9475e-09
3.94144e-09
3.9354e-09
3.92938e-09
3.92338e-09
3.9174e-09
3.91144e-09
3.9055e-09
3.89958e-09
3.89369e-09
3.88782e-09
3.88196e-09
3.87612e-09
3.8703e-09
3.8645e-09
3.85873e-09
3.85297e-09
3.84723e-09
3.84151e-09
3.83581e-09
3.83013e-09
3.82447e-09
3.81883e-09
3.81321e-09
3.8076e-09
3.80202e-09
3.79645e-09
3.7909e-09
3.78537e-09
3.77986e-09
3.77437e-09
3.76889e-09
3.76344e-09
3.758e-09
3.75258e-09
3.74717e-09
3.74179e-09
3.73642e-09
3.73107e-09
3.72574e-09
3.72043e-09
3.71513e-09
3.70985e-09
3.70459e-09
3.69935e-09
3.69412e-09
3.68891e-09
3.68371e-09
3.67854e-09
3.67338e-09
3.66823e-09
3.66311e-09
3.658e-09
3.6529e-09
3.64783e-09
3.64277e-09
3.63772e-09
3.63269e-09
3.62768e-09
3.62268e-09
3.6177e-09
3.61274e-09
3.60779e-09
3.60286e-09
3.59794e-09
3.59304e-09
3.58815e-09
3.58328e-09
3.57843e-09
3.57359e-09
3.56877e-09
3.56396e-09
3.55916e-09
3.55438e-09
3.54962e-09
3.54487e-09
3.54013e-09
3.53541e-09
3.53071e-09
3.52602e-09
3.52134e-09
3.51668e-09
3.51204e-09
3.50741e-09
3.50279e-09
3.49818e-09
3.4936e-09
3.48902e-09
3.48446e-09
3.47991e-09
3.47538e-09
3.47086e-09
3.46636e-09
3.46187e-09
3.45739e-09
3.45292e-09
3.44847e-09
3.44404e-09
3.43962e-09
3.4352e-09
3.43081e-09
3.42643e-09
3.42206e-09
3.4177e-09
3.41336e-09
3.40903e-09
3.40471e-09
3.40041e-09
3.39612e-09
3.39184e-09
3.38757e-09
3.38332e-09
3.37908e-09
3.37485e-09
3.37064e-09
3.36644e-09
3.36225e-09
3.35807e-09
3.35391e-09
3.34976e-09
3.34562e-09
3.34149e-09
3.33737e-09
3.33327e-09
3.32918e-09
3.32511e-09
3.32104e-09
3.31698e-09
3.31294e-09
3.30891e-09
3.30489e-09
3.30089e-09
3.29689e-09
3.2929e-09
3.28892e-09
3.28497e-09
3.28102e-09
3.27708e-09
3.27316e-09
3.26924e-09
3.26534e-09
3.26145e-09
3.25757e-09
3.2537e-09
3.24984e-09
3.246e-09
3.24216e-09
3.23833e-09
3.23452e-09
3.23072e-09
3.22692e-09
3.22314e-09
3.21937e-09
3.21561e-09
3.21186e-09
3.20813e-09
3.2044e-09
3.20069e-09
3.19698e-09
3.19328e-09
3.1896e-09
3.18592e-09
3.18225e-09
3.1786e-09
3.17496e-09
3.17132e-09
3.1677e-09
3.16409e-09
3.16048e-09
3.15688e-09
3.15331e-09
3.14974e-09
3.14618e-09
3.14262e-09
3.13908e-09
3.13555e-09
3.13203e-09
3.12851e-09
3.12501e-09
3.12152e-09
3.11803e-09
3.11456e-09
3.1111e-09
3.10764e-09
3.1042e-09
3.10076e-09
3.09733e-09
3.09392e-09
3.09051e-09
3.08711e-09
3.08373e-09
3.08035e-09
3.07698e-09
3.07362e-09
3.07027e-09
3.06693e-09
3.06359e-09
3.06027e-09
3.05695e-09
3.05365e-09
3.05035e-09
3.04706e-09
3.04379e-09
3.04052e-09
3.03726e-09
3.034e-09
3.03076e-09
3.02752e-09
3.0243e-09
3.02108e-09
3.01787e-09
3.01467e-09
3.01149e-09
3.0083e-09
3.00513e-09
3.00196e-09
2.99881e-09
2.99566e-09
2.99252e-09
2.98939e-09
2.98626e-09
2.98315e-09
2.98004e-09
2.97695e-09
2.97386e-09
2.97078e-09
2.9677e-09
2.96464e-09
2.96158e-09
2.95853e-09
2.95549e-09
2.95246e-09
2.94944e-09
2.94642e-09
2.94341e-09
2.94041e-09
2.93742e-09
2.93443e-09
2.93145e-09
2.92848e-09
2.92552e-09
2.92257e-09
2.91962e-09
2.91669e-09
2.91376e-09
2.91083e-09
2.90792e-09
2.90501e-09
2.90211e-09
2.89922e-09
2.89633e-09
2.89346e-09
2.89059e-09
2.88772e-09
2.88487e-09
2.88202e-09
2.87918e-09
2.87635e-09
2.87353e-09
2.87071e-09
2.8679e-09
2.86509e-09
2.8623e-09
2.85951e-09
2.85672e-09
2.85395e-09
2.85118e-09
2.84842e-09
2.84567e-09
2.84293e-09
2.84019e-09
2.83745e-09
2.83473e-09
2.83201e-09
2.8293e-09
2.8266e-09
2.8239e-09
2.82121e-09
2.81852e-09
2.81585e-09
2.81318e-09
2.81052e-09
2.80786e-09
2.80521e-09
2.80257e-09
2.79993e-09
2.7973e-09
2.79468e-09
2.79206e-09
2.78945e-09
2.78685e-09
2.78425e-09
2.78166e-09
2.77908e-09
2.7765e-09
2.77393e-09
2.77137e-09
2.76881e-09
2.76626e-09
2.76372e-09
2.76118e-09
2.75864e-09
2.75612e-09
2.7536e-09
2.75109e-09
2.74858e-09
2.74608e-09
2.74358e-09
2.7411e-09
2.73861e-09
2.73614e-09
2.73367e-09
2.73121e-09
2.72875e-09
2.7263e-09
2.72385e-09
2.72141e-09
2.71898e-09
2.71655e-09
2.71413e-09
2.71172e-09
2.70931e-09
2.70691e-09
2.70451e-09
2.70212e-09
2.69973e-09
2.69735e-09
2.69498e-09
2.69261e-09
2.69025e-09
2.68789e-09
2.68554e-09
2.6832e-09
2.68086e-09
2.67853e-09
2.6762e-09
2.67388e-09
2.67156e-09
2.66925e-09
2.66695e-09
2.66465e-09
2.66235e-09
2.66006e-09
2.65778e-09
2.65551e-09
2.65324e-09
2.65097e-09
2.64871e-09
2.64645e-09
2.6442e-09
2.64196e-09
2.63973e-09
2.63749e-09
2.63526e-09
2.63304e-09
2.63082e-09
2.62861e-09
2.62641e-09
2.6242e-09
2.62201e-09
2.61982e-09
2.61763e-09
2.61545e-09
2.61328e-09
2.61111e-09
2.60894e-09
2.60678e-09
2.60463e-09
2.60248e-09
2.60034e-09
2.5982e-09
2.59607e-09
2.59394e-09
2.59181e-09
2.5897e-09
2.58759e-09
2.58548e-09
2.58337e-09
2.58128e-09
2.57918e-09
2.5771e-09
2.57502e-09
2.57293e-09
2.57086e-09
2.5688e-09
2.56673e-09
2.56467e-09
2.56263e-09
2.56057e-09
2.5585e-09
2.55648e-09
2.55448e-09
2.55244e-09
2.55039e-09
2.54838e-09
2.54637e-09
2.54436e-09
2.54235e-09
2.54036e-09
2.53835e-09
2.53636e-09
2.53438e-09
2.5324e-09
2.53042e-09
2.52845e-09
2.52648e-09
2.52451e-09
2.52256e-09
2.5206e-09
2.51865e-09
2.51671e-09
2.51477e-09
2.51283e-09
2.5109e-09
2.50897e-09
2.50705e-09
2.50513e-09
2.50322e-09
2.50131e-09
2.4994e-09
2.49751e-09
2.49561e-09
2.49372e-09
2.49183e-09
2.48994e-09
2.48807e-09
2.4862e-09
2.48434e-09
2.48246e-09
2.4806e-09
2.47875e-09
2.47689e-09
2.47504e-09
2.4732e-09
2.47136e-09
2.46953e-09
2.46769e-09
2.46587e-09
2.46405e-09
2.46223e-09
2.46041e-09
2.4586e-09
2.4568e-09
2.455e-09
2.4532e-09
2.45141e-09
2.44962e-09
2.44783e-09
2.44605e-09
2.44428e-09
2.44251e-09
2.44073e-09
2.43897e-09
2.43721e-09
2.43545e-09
2.4337e-09
2.43195e-09
2.43021e-09
2.42847e-09
2.42673e-09
2.425e-09
2.42327e-09
2.42155e-09
2.41983e-09
2.41811e-09
2.41639e-09
2.41469e-09
2.41299e-09
2.41128e-09
2.40959e-09
2.40789e-09
2.4062e-09
2.40452e-09
2.40284e-09
2.40116e-09
2.39949e-09
2.39782e-09
2.39615e-09
2.39449e-09
2.39283e-09
2.39117e-09
2.38952e-09
2.38787e-09
2.38623e-09
2.38459e-09
2.38295e-09
2.38132e-09
2.3797e-09
2.37807e-09
2.37645e-09
2.37483e-09
2.37322e-09
2.3716e-09
2.37e-09
2.36839e-09
2.36679e-09
2.3652e-09
2.36361e-09
2.36202e-09
2.36043e-09
2.35885e-09
2.35727e-09
2.3557e-09
2.35413e-09
2.35256e-09
2.35099e-09
2.34944e-09
2.34788e-09
2.34633e-09
2.34478e-09
2.34323e-09
2.34169e-09
2.34015e-09
2.33861e-09
2.33708e-09
2.33555e-09
2.33402e-09
2.3325e-09
2.33098e-09
2.32947e-09
2.32796e-09
2.32645e-09
2.32494e-09
2.32344e-09
2.32194e-09
2.32045e-09
2.31896e-09
2.31747e-09
2.31598e-09
2.3145e-09
2.31302e-09
2.31155e-09
2.31008e-09
2.30861e-09
2.30714e-09
2.30568e-09
2.30422e-09
2.30277e-09
2.30132e-09
2.29987e-09
2.29842e-09
2.29698e-09
2.29554e-09
2.29411e-09
2.29267e-09
2.29124e-09
2.28982e-09
2.2884e-09
2.28697e-09
2.28556e-09
2.28414e-09
2.28273e-09
2.28133e-09
2.27992e-09
2.27852e-09
2.27713e-09
2.27573e-09
2.27433e-09
2.27295e-09
2.27156e-09
2.27018e-09
2.2688e-09
2.26742e-09
2.26605e-09
2.26468e-09
2.26331e-09
2.26195e-09
2.26059e-09
2.25923e-09
2.25788e-09
2.25653e-09
2.25518e-09
2.25383e-09
2.25249e-09
2.25115e-09
2.24981e-09
2.24848e-09
2.24715e-09
2.24582e-09
2.24449e-09
2.24317e-09
2.24185e-09
2.24054e-09
2.23922e-09
2.23791e-09
2.23661e-09
2.2353e-09
2.234e-09
2.2327e-09
2.2314e-09
2.23011e-09
2.22882e-09
2.22753e-09
2.22625e-09
2.22497e-09
2.22369e-09
2.22241e-09
2.22114e-09
2.21987e-09
2.2186e-09
2.21734e-09
2.21608e-09
2.21481e-09
2.21356e-09
2.21231e-09
2.21105e-09
2.20981e-09
2.20857e-09
2.20732e-09
2.20608e-09
2.20485e-09
2.20361e-09
2.20238e-09
2.20115e-09
2.19992e-09
2.1987e-09
2.19748e-09
2.19626e-09
2.19505e-09
2.19384e-09
2.19262e-09
2.19142e-09
2.19022e-09
2.18901e-09
2.18782e-09
2.18662e-09
2.18542e-09
2.18424e-09
2.18305e-09
2.18185e-09
2.18068e-09
2.1795e-09
2.17831e-09
2.17715e-09
2.17598e-09
2.1748e-09
2.17364e-09
2.17247e-09
2.1713e-09
2.17015e-09
2.169e-09
2.16783e-09
2.16669e-09
2.16555e-09
2.16437e-09
2.16325e-09
2.16218e-09
2.16104e-09
2.15983e-09
2.15866e-09
2.15756e-09
2.15643e-09
2.15529e-09
2.15418e-09
2.15306e-09
2.15193e-09
2.15082e-09
2.14971e-09
2.14859e-09
2.14749e-09
2.14639e-09
2.14527e-09
2.14418e-09
2.14308e-09
2.14197e-09
2.14088e-09
2.1398e-09
2.1387e-09
2.13762e-09
2.13654e-09
2.13544e-09
2.13437e-09
2.1333e-09
2.13221e-09
2.13115e-09
2.13008e-09
2.129e-09
2.12794e-09
2.12688e-09
2.12581e-09
2.12476e-09
2.12371e-09
2.12265e-09
2.1216e-09
2.12054e-09
2.1195e-09
2.11846e-09
2.11741e-09
2.11637e-09
2.11534e-09
2.1143e-09
2.11327e-09
2.11224e-09
2.11121e-09
2.11018e-09
2.10916e-09
2.10814e-09
2.10712e-09
2.10611e-09
2.10509e-09
2.10408e-09
2.10307e-09
2.10206e-09
2.10106e-09
2.10005e-09
2.09905e-09
2.09805e-09
2.09706e-09
2.09606e-09
2.09507e-09
2.09408e-09
2.0931e-09
2.09211e-09
2.09113e-09
2.09015e-09
2.08917e-09
2.08819e-09
2.08722e-09
2.08625e-09
2.08528e-09
2.08431e-09
2.08334e-09
2.08238e-09
2.08142e-09
2.08046e-09
2.0795e-09
2.07855e-09
2.0776e-09
2.07665e-09
2.0757e-09
2.07475e-09
2.07381e-09
2.07287e-09
2.07193e-09
2.07099e-09
2.07006e-09
2.06912e-09
2.06819e-09
2.06726e-09
2.06634e-09
2.06541e-09
2.06449e-09
2.06357e-09
2.06265e-09
2.06173e-09
2.06082e-09
2.05991e-09
2.059e-09
2.05809e-09
2.05718e-09
2.05628e-09
2.05538e-09
2.05448e-09
2.05358e-09
2.05268e-09
2.05179e-09
2.0509e-09
2.05001e-09
2.04912e-09
2.04824e-09
2.04735e-09
2.04647e-09
2.0456e-09
2.04472e-09
2.04384e-09
2.04297e-09
2.0421e-09
2.04123e-09
2.04036e-09
2.0395e-09
2.03863e-09
2.03777e-09
2.03691e-09
2.03605e-09
2.0352e-09
2.03434e-09
2.03349e-09
2.03265e-09
2.0318e-09
2.03095e-09
2.03011e-09
2.02926e-09
2.02843e-09
2.02759e-09
2.02675e-09
2.02592e-09
2.02509e-09
2.02426e-09
2.02343e-09
2.0226e-09
2.02178e-09
2.02096e-09
2.02014e-09
2.01932e-09
2.0185e-09
2.01769e-09
2.01687e-09
2.01606e-09
2.01525e-09
2.01445e-09
2.01364e-09
2.01284e-09
2.01204e-09
2.01124e-09
2.01044e-09
2.00964e-09
2.00885e-09
2.00806e-09
2.00727e-09
2.00648e-09
2.00569e-09
2.00491e-09
2.00412e-09
2.00334e-09
2.00257e-09
2.00179e-09
2.00101e-09
2.00024e-09
1.99946e-09
1.9987e-09
1.99793e-09
1.99716e-09
1.9964e-09
1.99564e-09
1.99487e-09
1.99412e-09
1.99336e-09
1.9926e-09
1.99185e-09
1.9911e-09
1.99035e-09
1.9896e-09
1.98885e-09
1.98811e-09
1.98736e-09
1.98662e-09
1.98588e-09
1.98515e-09
1.98441e-09
1.98368e-09
1.98295e-09
1.98222e-09
1.98148e-09
1.98076e-09
1.98003e-09
1.97931e-09
1.97859e-09
1.97787e-09
1.97715e-09
1.97643e-09
1.97572e-09
1.97501e-09
1.97429e-09
1.97359e-09
1.97288e-09
1.97217e-09
1.97147e-09
1.97076e-09
1.97006e-09
1.96937e-09
1.96867e-09
1.96797e-09
1.96728e-09
1.96658e-09
1.96589e-09
1.96521e-09
1.96451e-09
1.96383e-09
1.96315e-09
1.96247e-09
1.96178e-09
1.96111e-09
1.96043e-09
1.95975e-09
1.95908e-09
1.95841e-09
1.95773e-09
1.95707e-09
1.9564e-09
1.95573e-09
1.95507e-09
1.95441e-09
1.95375e-09
1.95309e-09
1.95243e-09
1.95177e-09
1.95113e-09
1.95047e-09
1.94982e-09
1.94917e-09
1.94852e-09
1.94788e-09
1.94723e-09
1.94658e-09
1.94595e-09
1.94531e-09
1.94466e-09
1.94404e-09
1.9434e-09
1.94275e-09
1.94214e-09
1.94151e-09
1.94084e-09
1.9403e-09
1.93964e-09
1.93905e-09
1.93837e-09
1.93777e-09
1.93716e-09
1.93652e-09
1.93592e-09
1.9353e-09
1.93469e-09
1.93408e-09
1.93347e-09
1.93286e-09
1.93226e-09
1.93165e-09
1.93105e-09
1.93045e-09
1.92985e-09
1.92925e-09
1.92865e-09
1.92806e-09
1.92747e-09
1.92688e-09
1.92628e-09
1.9257e-09
1.92511e-09
1.92452e-09
1.92394e-09
1.92336e-09
1.92278e-09
1.9222e-09
1.92162e-09
1.92104e-09
1.92047e-09
1.91989e-09
1.91932e-09
1.91875e-09
1.91819e-09
1.91761e-09
1.91706e-09
1.91648e-09
1.91592e-09
1.91536e-09
1.9148e-09
1.91425e-09
1.91369e-09
1.91313e-09
1.91258e-09
1.91203e-09
1.91148e-09
1.91093e-09
1.91038e-09
1.90983e-09
1.90929e-09
1.90875e-09
1.9082e-09
1.90767e-09
1.90713e-09
1.90659e-09
1.90605e-09
1.90552e-09
1.90499e-09
1.90446e-09
1.90393e-09
1.90339e-09
1.90287e-09
1.90234e-09
1.90182e-09
1.9013e-09
1.90078e-09
1.90025e-09
1.89974e-09
1.89922e-09
1.89871e-09
1.8982e-09
1.89768e-09
1.89717e-09
1.89666e-09
1.89615e-09
1.89565e-09
1.89514e-09
1.89464e-09
1.89413e-09
1.89363e-09
1.89313e-09
1.89264e-09
1.89214e-09
1.89164e-09
1.89115e-09
1.89066e-09
1.89017e-09
1.88968e-09
1.88919e-09
1.88871e-09
1.88822e-09
1.88774e-09
1.88725e-09
1.88677e-09
1.88629e-09
1.88582e-09
1.88534e-09
1.88486e-09
1.88439e-09
1.88392e-09
1.88344e-09
1.88298e-09
1.88251e-09
1.88204e-09
1.88158e-09
1.88111e-09
1.88065e-09
1.88019e-09
1.87973e-09
1.87927e-09
1.87881e-09
1.87835e-09
1.8779e-09
1.87745e-09
1.877e-09
1.87655e-09
1.8761e-09
1.87565e-09
1.87521e-09
1.87476e-09
1.87431e-09
1.87387e-09
1.87343e-09
1.87299e-09
1.87255e-09
1.87212e-09
1.87168e-09
1.87125e-09
1.87082e-09
1.87039e-09
1.86995e-09
1.86952e-09
1.8691e-09
1.86867e-09
1.86825e-09
1.86783e-09
1.8674e-09
1.86698e-09
1.86657e-09
1.86615e-09
1.86573e-09
1.86532e-09
1.8649e-09
1.86449e-09
1.86408e-09
1.86367e-09
1.86326e-09
1.86285e-09
1.86245e-09
1.86204e-09
1.86164e-09
1.86124e-09
1.86084e-09
1.86044e-09
1.86004e-09
1.85965e-09
1.85925e-09
1.85886e-09
1.85846e-09
1.85807e-09
1.85768e-09
1.85729e-09
1.85691e-09
1.85652e-09
1.85613e-09
1.85575e-09
1.85537e-09
1.85499e-09
1.85461e-09
1.85423e-09
1.85385e-09
1.85348e-09
1.8531e-09
1.85273e-09
1.85236e-09
1.85199e-09
1.85162e-09
1.85125e-09
1.85088e-09
1.85052e-09
1.85016e-09
1.84979e-09
1.84943e-09
1.84907e-09
1.84871e-09
1.84835e-09
1.848e-09
1.84764e-09
1.84729e-09
1.84694e-09
1.84659e-09
1.84623e-09
1.84589e-09
1.84554e-09
1.84519e-09
1.84485e-09
1.84451e-09
1.84416e-09
1.84382e-09
1.84348e-09
1.84314e-09
1.84281e-09
1.84247e-09
1.84213e-09
1.8418e-09
1.84147e-09
1.84114e-09
1.84081e-09
1.84048e-09
1.84015e-09
1.83983e-09
1.8395e-09
1.83918e-09
1.83886e-09
1.83853e-09
1.83821e-09
1.8379e-09
1.83759e-09
1.83727e-09
1.83695e-09
1.83663e-09
1.83632e-09
1.83601e-09
1.8357e-09
1.83539e-09
1.83509e-09
1.83478e-09
1.83448e-09
1.83417e-09
1.83387e-09
1.83357e-09
1.83327e-09
1.83297e-09
1.83267e-09
1.83237e-09
1.83208e-09
1.83179e-09
1.83149e-09
1.8312e-09
1.83091e-09
1.83062e-09
1.83033e-09
1.83005e-09
1.82977e-09
1.82948e-09
1.8292e-09
1.82892e-09
1.82863e-09
1.82836e-09
1.82808e-09
1.8278e-09
1.82753e-09
1.82726e-09
1.82698e-09
1.82669e-09
1.82642e-09
1.82616e-09
1.82589e-09
1.82562e-09
1.82536e-09
1.8251e-09
1.82483e-09
1.82457e-09
1.82431e-09
1.82405e-09
1.82379e-09
1.82353e-09
1.82327e-09
1.82302e-09
1.82277e-09
1.82252e-09
1.82227e-09
1.82202e-09
1.82177e-09
1.82152e-09
1.82127e-09
1.82102e-09
1.82078e-09
1.82053e-09
1.82029e-09
1.82006e-09
1.81981e-09
1.81958e-09
1.81934e-09
1.8191e-09
1.81887e-09
1.81864e-09
1.8184e-09
1.81817e-09
1.81794e-09
1.81771e-09
1.81748e-09
1.81726e-09
1.81703e-09
1.81681e-09
1.81658e-09
1.81636e-09
1.81614e-09
1.81592e-09
1.8157e-09
1.81549e-09
1.81527e-09
1.81506e-09
1.81484e-09
1.81463e-09
1.81442e-09
1.81421e-09
1.814e-09
1.81379e-09
1.81358e-09
1.81338e-09
1.81317e-09
1.81297e-09
1.81277e-09
1.81257e-09
1.81236e-09
1.81217e-09
1.81197e-09
1.81177e-09
1.81158e-09
1.81139e-09
1.81119e-09
1.811e-09
1.81081e-09
1.81062e-09
1.81043e-09
1.81025e-09
1.81006e-09
1.80988e-09
1.80969e-09
1.80951e-09
1.80933e-09
1.80915e-09
1.80897e-09
1.80879e-09
1.80862e-09
1.80844e-09
1.80827e-09
1.80809e-09
1.80792e-09
1.80775e-09
1.80758e-09
1.80741e-09
1.80725e-09
1.80708e-09
1.80691e-09
1.80675e-09
1.80659e-09
1.80642e-09
1.80626e-09
1.80611e-09
1.80595e-09
1.80579e-09
1.80563e-09
1.80548e-09
1.80532e-09
1.80517e-09
1.80502e-09
1.80487e-09
1.80472e-09
1.80457e-09
1.80443e-09
1.80428e-09
1.80414e-09
1.80399e-09
1.80385e-09
1.80371e-09
1.80357e-09
1.80343e-09
1.80329e-09
1.80316e-09
1.80302e-09
1.80288e-09
1.80275e-09
1.80262e-09
1.80249e-09
1.80236e-09
1.80223e-09
1.8021e-09
1.80198e-09
1.80185e-09
1.80173e-09
1.8016e-09
1.80148e-09
1.80136e-09
1.80124e-09
1.80112e-09
1.801e-09
1.80089e-09
1.80077e-09
1.80066e-09
1.80054e-09
1.80043e-09
1.80032e-09
1.80021e-09
1.80011e-09
1.8e-09
1.79989e-09
1.79979e-09
1.79968e-09
1.79958e-09
1.79948e-09
1.79938e-09
1.79928e-09
1.79918e-09
1.79908e-09
1.79899e-09
1.79889e-09
1.7988e-09
1.7987e-09
1.79861e-09
1.79852e-09
1.79843e-09
1.79834e-09
1.79826e-09
1.79817e-09
1.79809e-09
1.798e-09
1.79792e-09
1.79784e-09
1.79776e-09
1.79768e-09
1.7976e-09
1.79752e-09
1.79745e-09
1.79737e-09
1.7973e-09
1.79723e-09
1.79715e-09
1.79708e-09
1.79701e-09
1.79695e-09
1.79688e-09
1.79681e-09
1.79675e-09
1.79668e-09
1.79662e-09
1.79655e-09
1.7965e-09
1.79644e-09
1.79638e-09
1.79633e-09
1.79627e-09
1.79621e-09
1.79616e-09
1.79611e-09
1.79606e-09
1.79601e-09
1.79596e-09
1.79591e-09
1.79586e-09
1.79581e-09
1.79577e-09
1.79573e-09
1.79568e-09
1.79564e-09
1.7956e-09
1.79556e-09
1.79552e-09
1.79549e-09
1.79545e-09
1.79542e-09
1.79538e-09
1.79535e-09
1.79532e-09
1.79529e-09
1.79526e-09
1.79523e-09
1.79521e-09
1.79518e-09
1.79515e-09
1.79513e-09
1.7951e-09
1.7951e-09
1.79504e-09
1.79504e-09
1.79503e-09
1.79501e-09
1.79499e-09
1.79497e-09
1.79496e-09
1.79495e-09
1.79494e-09
1.79493e-09
1.79492e-09
1.79491e-09
1.79491e-09
1.7949e-09
1.79489e-09
1.79489e-09
1.79489e-09
1.79488e-09
1.79488e-09
