-174.919
-174.919
-174.919
-174.919
-174.919
-174.919
-174.919
-174.919
-174.919
-174.919
-174.919
-174.919
-174.919
-174.919
-174.919
-174.919
-174.918
-174.918
-174.918
-174.918
-174.918
-174.918
-174.918
-174.918
-174.918
-174.917
-174.917
-174.917
-174.917
-174.917
-174.917
-174.917
-174.916
-174.916
-174.916
-174.916
-174.916
-174.915
-174.915
-174.915
-174.915
-174.915
-174.914
-174.914
-174.914
-174.914
-174.913
-174.913
-174.913
-174.913
-174.912
-174.912
-174.912
-174.912
-174.911
-174.911
-174.911
-174.91
-174.91
-174.91
-174.909
-174.909
-174.909
-174.909
-174.908
-174.908
-174.907
-174.907
-174.907
-174.906
-174.906
-174.906
-174.905
-174.905
-174.904
-174.904
-174.904
-174.903
-174.903
-174.902
-174.902
-174.902
-174.901
-174.901
-174.9
-174.9
-174.899
-174.899
-174.898
-174.898
-174.897
-174.897
-174.896
-174.896
-174.895
-174.895
-174.894
-174.894
-174.893
-174.893
-174.892
-174.892
-174.891
-174.891
-174.89
-174.89
-174.889
-174.888
-174.888
-174.887
-174.887
-174.886
-174.885
-174.885
-174.884
-174.884
-174.883
-174.882
-174.882
-174.881
-174.881
-174.88
-174.879
-174.879
-174.878
-174.877
-174.877
-174.876
-174.875
-174.874
-174.874
-174.873
-174.872
-174.872
-174.871
-174.87
-174.87
-174.869
-174.868
-174.867
-174.867
-174.866
-174.865
-174.864
-174.863
-174.863
-174.862
-174.861
-174.86
-174.86
-174.859
-174.858
-174.857
-174.856
-174.855
-174.855
-174.854
-174.853
-174.852
-174.851
-174.85
-174.85
-174.849
-174.848
-174.847
-174.846
-174.845
-174.844
-174.843
-174.842
-174.841
-174.841
-174.84
-174.839
-174.838
-174.837
-174.836
-174.835
-174.834
-174.833
-174.832
-174.831
-174.83
-174.829
-174.828
-174.827
-174.826
-174.825
-174.824
-174.823
-174.822
-174.821
-174.82
-174.819
-174.818
-174.817
-174.816
-174.815
-174.814
-174.813
-174.812
-174.81
-174.809
-174.808
-174.807
-174.806
-174.805
-174.804
-174.803
-174.802
-174.8
-174.799
-174.798
-174.797
-174.796
-174.795
-174.794
-174.792
-174.791
-174.79
-174.789
-174.788
-174.786
-174.785
-174.784
-174.783
-174.782
-174.78
-174.779
-174.778
-174.777
-174.775
-174.774
-174.773
-174.772
-174.77
-174.769
-174.768
-174.767
-174.765
-174.764
-174.763
-174.761
-174.76
-174.759
-174.757
-174.756
-174.755
-174.753
-174.752
-174.751
-174.749
-174.748
-174.747
-174.745
-174.744
-174.742
-174.741
-174.74
-174.738
-174.737
-174.735
-174.734
-174.733
-174.731
-174.73
-174.728
-174.727
-174.725
-174.724
-174.722
-174.721
-174.719
-174.718
-174.716
-174.715
-174.713
-174.712
-174.71
-174.709
-174.707
-174.706
-174.704
-174.703
-174.701
-174.7
-174.698
-174.697
-174.695
-174.693
-174.692
-174.69
-174.689
-174.687
-174.686
-174.684
-174.682
-174.681
-174.679
-174.677
-174.676
-174.674
-174.672
-174.671
-174.669
-174.668
-174.666
-174.664
-174.662
-174.661
-174.659
-174.657
-174.656
-174.654
-174.652
-174.651
-174.649
-174.647
-174.645
-174.644
-174.642
-174.64
-174.638
-174.637
-174.635
-174.633
-174.631
-174.629
-174.628
-174.626
-174.624
-174.622
-174.62
-174.619
-174.617
-174.615
-174.613
-174.611
-174.609
-174.608
-174.606
-174.604
-174.602
-174.6
-174.598
-174.596
-174.594
-174.593
-174.591
-174.589
-174.587
-174.585
-174.583
-174.581
-174.579
-174.577
-174.575
-174.573
-174.571
-174.569
-174.567
-174.565
-174.563
-174.561
-174.559
-174.557
-174.555
-174.553
-174.551
-174.549
-174.547
-174.545
-174.543
-174.541
-174.539
-174.537
-174.535
-174.533
-174.531
-174.529
-174.526
-174.524
-174.522
-174.52
-174.518
-174.516
-174.514
-174.512
-174.509
-174.507
-174.505
-174.503
-174.501
-174.499
-174.496
-174.494
-174.492
-174.49
-174.488
-174.485
-174.483
-174.481
-174.479
-174.477
-174.474
-174.472
-174.47
-174.468
-174.465
-174.463
-174.461
-174.459
-174.456
-174.454
-174.452
-174.449
-174.447
-174.445
-174.442
-174.44
-174.438
-174.435
-174.433
-174.431
-174.428
-174.426
-174.424
-174.421
-174.419
-174.417
-174.414
-174.412
-174.409
-174.407
-174.404
-174.402
-174.4
-174.397
-174.395
-174.392
-174.39
-174.387
-174.385
-174.382
-174.38
-174.377
-174.375
-174.373
-174.37
-174.367
-174.365
-174.362
-174.36
-174.357
-174.355
-174.352
-174.35
-174.347
-174.345
-174.342
-174.34
-174.337
-174.334
-174.332
-174.329
-174.327
-174.324
-174.321
-174.319
-174.316
-174.313
-174.311
-174.308
-174.305
-174.303
-174.3
-174.297
-174.295
-174.292
-174.289
-174.287
-174.284
-174.281
-174.279
-174.276
-174.273
-174.27
-174.268
-174.265
-174.262
-174.259
-174.257
-174.254
-174.251
-174.248
-174.245
-174.242
-174.24
-174.237
-174.234
-174.232
-174.229
-174.226
-174.223
-174.22
-174.217
-174.214
-174.212
-174.209
-174.206
-174.203
-174.2
-174.197
-174.194
-174.191
-174.188
-174.185
-174.183
-174.18
-174.177
-174.174
-174.171
-174.168
-174.165
-174.162
-174.159
-174.156
-174.153
-174.15
-174.147
-174.144
-174.141
-174.138
-174.135
-174.132
-174.129
-174.126
-174.123
-174.12
-174.116
-174.113
-174.11
-174.107
-174.104
-174.101
-174.098
-174.095
-174.092
-174.089
-174.085
-174.082
-174.079
-174.076
-174.073
-174.07
-174.066
-174.063
-174.06
-174.057
-174.054
-174.05
-174.047
-174.044
-174.041
-174.038
-174.034
-174.031
-174.028
-174.025
-174.021
-174.018
-174.015
-174.011
-174.008
-174.005
-174.002
-173.998
-173.995
-173.992
-173.988
-173.985
-173.982
-173.978
-173.975
-173.972
-173.968
-173.965
-173.961
-173.958
-173.955
-173.951
-173.948
-173.944
-173.941
-173.938
-173.934
-173.931
-173.927
-173.924
-173.92
-173.917
-173.913
-173.91
-173.906
-173.903
-173.899
-173.896
-173.892
-173.889
-173.885
-173.882
-173.878
-173.875
-173.871
-173.867
-173.864
-173.86
-173.857
-173.853
-173.849
-173.846
-173.842
-173.839
-173.835
-173.831
-173.828
-173.824
-173.82
-173.817
-173.813
-173.809
-173.806
-173.802
-173.798
-173.795
-173.791
-173.787
-173.783
-173.78
-173.776
-173.772
-173.769
-173.765
-173.761
-173.757
-173.753
-173.75
-173.746
-173.742
-173.738
-173.734
-173.731
-173.727
-173.723
-173.719
-173.715
-173.711
-173.708
-173.704
-173.7
-173.696
-173.692
-173.688
-173.684
-173.68
-173.676
-173.672
-173.668
-173.665
-173.661
-173.657
-173.653
-173.649
-173.645
-173.641
-173.637
-173.633
-173.629
-173.625
-173.621
-173.617
-173.613
-173.609
-173.604
-173.6
-173.596
-173.592
-173.588
-173.584
-173.58
-173.576
-173.572
-173.568
-173.564
-173.559
-173.555
-173.551
-173.547
-173.543
-173.539
-173.534
-173.53
-173.526
-173.522
-173.518
-173.513
-173.509
-173.505
-173.501
-173.497
-173.492
-173.488
-173.484
-173.479
-173.475
-173.471
-173.467
-173.462
-173.458
-173.454
-173.449
-173.445
-173.441
-173.436
-173.432
-173.428
-173.423
-173.419
-173.415
-173.41
-173.406
-173.401
-173.397
-173.392
-173.388
-173.384
-173.379
-173.375
-173.37
-173.366
-173.361
-173.357
-173.352
-173.348
-173.343
-173.339
-173.334
-173.33
-173.325
-173.321
-173.316
-173.312
-173.307
-173.302
-173.298
-173.293
-173.289
-173.284
-173.279
-173.275
-173.27
-173.265
-173.261
-173.256
-173.252
-173.247
-173.242
-173.237
-173.233
-173.228
-173.223
-173.219
-173.214
-173.209
-173.204
-173.2
-173.195
-173.19
-173.185
-173.181
-173.176
-173.171
-173.166
-173.161
-173.157
-173.152
-173.147
-173.142
-173.137
-173.132
-173.127
-173.123
-173.118
-173.113
-173.108
-173.103
-173.098
-173.093
-173.088
-173.083
-173.078
-173.073
-173.068
-173.063
-173.058
-173.053
-173.048
-173.043
-173.038
-173.033
-173.028
-173.023
-173.018
-173.013
-173.008
-173.003
-172.998
-172.993
-172.988
-172.983
-172.978
-172.972
-172.967
-172.962
-172.957
-172.952
-172.947
-172.941
-172.936
-172.931
-172.926
-172.921
-172.915
-172.91
-172.905
-172.9
-172.895
-172.889
-172.884
-172.879
-172.873
-172.868
-172.863
-172.857
-172.852
-172.847
-172.841
-172.836
-172.831
-172.825
-172.82
-172.815
-172.809
-172.804
-172.798
-172.793
-172.788
-172.782
-172.777
-172.771
-172.766
-172.76
-172.755
-172.749
-172.744
-172.738
-172.733
-172.727
-172.722
-172.716
-172.711
-172.705
-172.7
-172.694
-172.688
-172.683
-172.677
-172.672
-172.666
-172.66
-172.655
-172.649
-172.643
-172.638
-172.632
-172.626
-172.621
-172.615
-172.609
-172.604
-172.598
-172.592
-172.586
-172.581
-172.575
-172.569
-172.563
-172.558
-172.552
-172.546
-172.54
-172.534
-172.528
-172.523
-172.517
-172.511
-172.505
-172.499
-172.493
-172.487
-172.481
-172.475
-172.469
-172.464
-172.458
-172.452
-172.446
-172.44
-172.434
-172.428
-172.422
-172.416
-172.41
-172.404
-172.398
-172.391
-172.385
-172.379
-172.373
-172.367
-172.361
-172.355
-172.349
-172.343
-172.337
-172.33
-172.324
-172.318
-172.312
-172.306
-172.299
-172.293
-172.287
-172.281
-172.275
-172.268
-172.262
-172.256
-172.249
-172.243
-172.237
-172.231
-172.224
-172.218
-172.212
-172.205
-172.199
-172.193
-172.186
-172.18
-172.173
-172.167
-172.161
-172.154
-172.148
-172.141
-172.135
-172.128
-172.122
-172.115
-172.109
-172.102
-172.096
-172.089
-172.083
-172.076
-172.07
-172.063
-172.056
-172.05
-172.043
-172.037
-172.03
-172.023
-172.017
-172.01
-172.003
-171.997
-171.99
-171.983
-171.977
-171.97
-171.963
-171.956
-171.95
-171.943
-171.936
-171.929
-171.922
-171.916
-171.909
-171.902
-171.895
-171.888
-171.881
-171.875
-171.868
-171.861
-171.854
-171.847
-171.84
-171.833
-171.826
-171.819
-171.812
-171.805
-171.798
-171.791
-171.784
-171.777
-171.77
-171.763
-171.756
-171.749
-171.742
-171.735
-171.728
-171.721
-171.714
-171.706
-171.699
-171.692
-171.685
-171.678
-171.671
-171.663
-171.656
-171.649
-171.642
-171.634
-171.627
-171.62
-171.613
-171.605
-171.598
-171.591
-171.583
-171.576
-171.569
-171.561
-171.554
-171.547
-171.539
-171.532
-171.524
-171.517
-171.51
-171.502
-171.495
-171.487
-171.48
-171.472
-171.465
-171.457
-171.45
-171.442
-171.434
-171.427
-171.419
-171.412
-171.404
-171.396
-171.389
-171.381
-171.374
-171.366
-171.358
-171.35
-171.343
-171.335
-171.327
-171.32
-171.312
-171.304
-171.296
-171.288
-171.281
-171.273
-171.265
-171.257
-171.249
-171.241
-171.234
-171.226
-171.218
-171.21
-171.202
-171.194
-171.186
-171.178
-171.17
-171.162
-171.154
-171.146
-171.138
-171.13
-171.122
-171.114
-171.106
-171.098
-171.09
-171.081
-171.073
-171.065
-171.057
-171.049
-171.041
-171.032
-171.024
-171.016
-171.008
-170.999
-170.991
-170.983
-170.975
-170.966
-170.958
-170.95
-170.941
-170.933
-170.925
-170.916
-170.908
-170.899
-170.891
-170.883
-170.874
-170.866
-170.857
-170.849
-170.84
-170.832
-170.823
-170.815
-170.806
-170.797
-170.789
-170.78
-170.772
-170.763
-170.754
-170.746
-170.737
-170.728
-170.72
-170.711
-170.702
-170.693
-170.685
-170.676
-170.667
-170.658
-170.649
-170.641
-170.632
-170.623
-170.614
-170.605
-170.596
-170.587
-170.578
-170.569
-170.56
-170.552
-170.543
-170.534
-170.525
-170.515
-170.506
-170.497
-170.488
-170.479
-170.47
-170.461
-170.452
-170.443
-170.433
-170.424
-170.415
-170.406
-170.397
-170.387
-170.378
-170.369
-170.36
-170.35
-170.341
-170.332
-170.322
-170.313
-170.304
-170.294
-170.285
-170.275
-170.266
-170.256
-170.247
-170.237
-170.228
-170.218
-170.209
-170.199
-170.19
-170.18
-170.171
-170.161
-170.151
-170.142
-170.132
-170.122
-170.113
-170.103
-170.093
-170.083
-170.074
-170.064
-170.054
-170.044
-170.034
-170.025
-170.015
-170.005
-169.995
-169.985
-169.975
-169.965
-169.955
-169.945
-169.935
-169.925
-169.915
-169.905
-169.895
-169.885
-169.875
-169.865
-169.855
-169.845
-169.834
-169.824
-169.814
-169.804
-169.794
-169.783
-169.773
-169.763
-169.752
-169.742
-169.732
-169.721
-169.711
-169.701
-169.69
-169.68
-169.669
-169.659
-169.648
-169.638
-169.627
-169.617
-169.606
-169.596
-169.585
-169.574
-169.564
-169.553
-169.543
-169.532
-169.521
-169.51
-169.5
-169.489
-169.478
-169.467
-169.457
-169.446
-169.435
-169.424
-169.413
-169.402
-169.391
-169.38
-169.369
-169.358
-169.347
-169.336
-169.325
-169.314
-169.303
-169.292
-169.281
-169.27
-169.259
-169.247
-169.236
-169.225
-169.214
-169.202
-169.191
-169.18
-169.169
-169.157
-169.146
-169.134
-169.123
-169.112
-169.1
-169.089
-169.077
-169.066
-169.054
-169.043
-169.031
-169.02
-169.008
-168.996
-168.985
-168.973
-168.961
-168.95
-168.938
-168.926
-168.914
-168.903
-168.891
-168.879
-168.867
-168.855
-168.843
-168.831
-168.819
-168.807
-168.795
-168.783
-168.771
-168.759
-168.747
-168.735
-168.723
-168.711
-168.699
-168.686
-168.674
-168.662
-168.65
-168.637
-168.625
-168.613
-168.6
-168.588
-168.576
-168.563
-168.551
-168.538
-168.526
-168.513
-168.501
-168.488
-168.476
-168.463
-168.45
-168.438
-168.425
-168.412
-168.4
-168.387
-168.374
-168.361
-168.349
-168.336
-168.323
-168.31
-168.297
-168.284
-168.271
-168.258
-168.245
-168.232
-168.219
-168.206
-168.193
-168.18
-168.166
-168.153
-168.14
-168.127
-168.113
-168.1
-168.087
-168.073
-168.06
-168.047
-168.033
-168.02
-168.006
-167.993
-167.979
-167.966
-167.952
-167.939
-167.925
-167.911
-167.898
-167.884
-167.87
-167.856
-167.843
-167.829
-167.815
-167.801
-167.787
-167.773
-167.759
-167.745
-167.731
-167.717
-167.703
-167.689
-167.675
-167.661
-167.646
-167.632
-167.618
-167.604
-167.589
-167.575
-167.561
-167.546
-167.532
-167.517
-167.503
-167.488
-167.474
-167.459
-167.445
-167.43
-167.415
-167.401
-167.386
-167.371
-167.356
-167.342
-167.327
-167.312
-167.297
-167.282
-167.267
-167.252
-167.237
-167.222
-167.207
-167.192
-167.177
-167.161
-167.146
-167.131
-167.116
-167.1
-167.085
-167.07
-167.054
-167.039
-167.023
-167.008
-166.992
-166.977
-166.961
-166.945
-166.93
-166.914
-166.898
-166.882
-166.867
-166.851
-166.835
-166.819
-166.803
-166.787
-166.771
-166.755
-166.739
-166.723
-166.707
-166.69
-166.674
-166.658
-166.642
-166.625
-166.609
-166.592
-166.576
-166.559
-166.543
-166.526
-166.51
-166.493
-166.476
-166.46
-166.443
-166.426
-166.409
-166.393
-166.376
-166.359
-166.342
-166.325
-166.308
-166.291
-166.273
-166.256
-166.239
-166.222
-166.205
-166.187
-166.17
-166.152
-166.135
-166.117
-166.1
-166.082
-166.065
-166.047
-166.029
-166.012
-165.994
-165.976
-165.958
-165.94
-165.922
-165.904
-165.886
-165.868
-165.85
-165.832
-165.814
-165.796
-165.777
-165.759
-165.741
-165.722
-165.704
-165.685
-165.667
-165.648
-165.629
-165.611
-165.592
-165.573
-165.554
-165.535
-165.516
-165.497
-165.478
-165.459
-165.44
-165.421
-165.402
-165.383
-165.363
-165.344
-165.325
-165.305
-165.286
-165.266
-165.247
-165.227
-165.207
-165.187
-165.168
-165.148
-165.128
-165.108
-165.088
-165.068
-165.048
-165.028
-165.007
-164.987
-164.967
-164.946
-164.926
-164.906
-164.885
-164.864
-164.844
-164.823
-164.802
-164.782
-164.761
-164.74
-164.719
-164.698
-164.677
-164.656
-164.634
-164.613
-164.592
-164.57
-164.549
-164.528
-164.506
-164.484
-164.463
-164.441
-164.419
-164.397
-164.376
-164.354
-164.332
-164.309
-164.287
-164.265
-164.243
-164.221
-164.198
-164.176
-164.153
-164.131
-164.108
-164.085
-164.062
-164.04
-164.017
-163.994
-163.971
-163.948
-163.924
-163.901
-163.878
-163.854
-163.831
-163.807
-163.784
-163.76
-163.737
-163.713
-163.689
-163.665
-163.641
-163.617
-163.593
-163.568
-163.544
-163.52
-163.495
-163.471
-163.446
-163.422
-163.397
-163.372
-163.347
-163.322
-163.297
-163.272
-163.247
-163.221
-163.196
-163.171
-163.145
-163.12
-163.094
-163.068
-163.042
-163.016
-162.99
-162.964
-162.938
-162.912
-162.885
-162.859
-162.832
-162.806
-162.779
-162.752
-162.725
-162.698
-162.671
-162.644
-162.617
-162.59
-162.562
-162.535
-162.507
-162.479
-162.452
-162.424
-162.396
-162.368
-162.34
-162.311
-162.283
-162.254
-162.226
-162.197
-162.168
-162.14
-162.111
-162.082
-162.052
-162.023
-161.994
-161.964
-161.935
-161.905
-161.875
-161.845
-161.815
-161.785
-161.755
-161.724
-161.694
-161.663
-161.633
-161.602
-161.571
-161.54
-161.509
-161.478
-161.446
-161.415
-161.383
-161.351
-161.319
-161.287
-161.255
-161.223
-161.191
-161.158
-161.126
-161.093
-161.06
-161.027
-160.994
-160.961
-160.927
-160.894
-160.86
-160.826
-160.792
-160.758
-160.724
-160.69
-160.655
-160.62
-160.586
-160.551
-160.516
-160.48
-160.445
-160.409
-160.374
-160.338
-160.302
-160.266
-160.229
-160.193
-160.156
-160.12
-160.083
-160.046
-160.008
-159.971
-159.933
-159.895
-159.858
-159.819
-159.781
-159.743
-159.704
-159.665
-159.626
-159.587
-159.548
-159.508
-159.468
-159.428
-159.388
-159.348
-159.308
-159.267
-159.226
-159.185
-159.144
-159.102
-159.06
-159.019
-158.976
-158.934
-158.892
-158.849
-158.806
-158.763
-158.719
-158.676
-158.632
-158.588
-158.543
-158.499
-158.454
-158.409
-158.364
-158.318
-158.273
-158.227
-158.18
-158.134
-158.087
-158.04
-157.993
-157.945
-157.897
-157.849
-157.801
-157.752
-157.704
-157.654
-157.605
-157.555
-157.505
-157.455
-157.404
-157.353
-157.302
-157.25
-157.199
-157.146
-157.094
-157.041
-156.988
-156.934
-156.881
-156.826
-156.772
-156.717
-156.662
-156.606
-156.55
-156.494
-156.437
-156.38
-156.323
-156.265
-156.207
-156.148
-156.089
-156.03
-155.97
-155.909
-155.849
-155.788
-155.726
-155.664
-155.602
-155.539
-155.475
-155.411
-155.347
-155.282
-155.217
-155.151
-155.085
-155.018
-154.951
-154.883
-154.814
-154.745
-154.676
-154.606
-154.535
-154.464
-154.392
-154.319
-154.246
-154.172
-154.098
-154.023
-153.947
-153.871
-153.794
-153.716
-153.638
-153.559
-153.479
-153.398
-153.317
-153.235
-153.152
-153.068
-152.984
-152.898
-152.812
-152.725
-152.637
-152.548
-152.458
-152.367
-152.276
-152.183
-152.089
-151.994
-151.899
-151.802
-151.704
-151.605
-151.504
-151.403
-151.3
-151.196
-151.091
-150.985
-150.877
-150.768
-150.657
-150.546
-150.432
-150.317
-150.201
-150.083
-149.963
-149.842
-149.719
-149.594
-149.467
-149.338
-149.208
-149.076
-148.941
-148.804
-148.665
-148.524
-148.381
-148.235
-148.087
-147.936
-147.782
-147.626
-147.466
-147.304
-147.139
-146.97
-146.798
-146.623
-146.444
-146.261
-146.074
-145.883
-145.688
-145.489
-145.284
-145.075
-144.861
-144.641
-144.415
-144.184
-143.946
-143.701
-143.45
-143.19
-142.923
-142.647
-142.363
-142.068
-141.763
-141.448
-141.12
-140.779
-140.425
-140.055
-139.669
-139.265
-138.841
-138.396
-137.926
-137.43
-136.903
-136.343
-135.743
-135.1
-134.405
-133.649
-132.821
-131.906
-130.883
-129.723
-128.384
-126.8
-124.862
-122.363
-118.842
-112.821
-7.47335e-11
-112.821
-118.842
-122.363
-124.862
-126.8
-128.384
-129.723
-130.883
-131.906
-132.821
-133.649
-134.405
-135.1
-135.743
-136.343
-136.903
-137.43
-137.926
-138.396
-138.841
-139.265
-139.669
-140.055
-140.425
-140.779
-141.12
-141.448
-141.763
-142.068
-142.363
-142.647
-142.923
-143.19
-143.45
-143.701
-143.946
-144.184
-144.415
-144.641
-144.861
-145.075
-145.284
-145.489
-145.688
-145.883
-146.074
-146.261
-146.444
-146.623
-146.798
-146.97
-147.139
-147.304
-147.466
-147.626
-147.782
-147.936
-148.087
-148.235
-148.381
-148.524
-148.665
-148.804
-148.941
-149.076
-149.208
-149.338
-149.467
-149.594
-149.719
-149.842
-149.963
-150.083
-150.201
-150.317
-150.432
-150.546
-150.657
-150.768
-150.877
-150.985
-151.091
-151.196
-151.3
-151.403
-151.504
-151.605
-151.704
-151.802
-151.899
-151.994
-152.089
-152.183
-152.276
-152.367
-152.458
-152.548
-152.637
-152.725
-152.812
-152.898
-152.984
-153.068
-153.152
-153.235
-153.317
-153.398
-153.479
-153.559
-153.638
-153.716
-153.794
-153.871
-153.948
-154.023
-154.098
-154.173
-154.246
-154.319
-154.392
-154.464
-154.535
-154.606
-154.676
-154.745
-154.814
-154.883
-154.951
-155.018
-155.085
-155.151
-155.217
-155.282
-155.347
-155.411
-155.475
-155.539
-155.602
-155.664
-155.726
-155.788
-155.849
-155.909
-155.97
-156.03
-156.089
-156.148
-156.207
-156.265
-156.323
-156.38
-156.437
-156.494
-156.55
-156.606
-156.662
-156.717
-156.772
-156.826
-156.881
-156.934
-156.988
-157.041
-157.094
-157.146
-157.199
-157.25
-157.302
-157.353
-157.404
-157.455
-157.505
-157.555
-157.605
-157.654
-157.704
-157.752
-157.801
-157.849
-157.898
-157.945
-157.993
-158.04
-158.087
-158.134
-158.18
-158.227
-158.273
-158.318
-158.364
-158.409
-158.454
-158.499
-158.543
-158.588
-158.632
-158.676
-158.719
-158.763
-158.806
-158.849
-158.892
-158.934
-158.976
-159.019
-159.06
-159.102
-159.144
-159.185
-159.226
-159.267
-159.308
-159.348
-159.388
-159.428
-159.468
-159.508
-159.548
-159.587
-159.626
-159.665
-159.704
-159.743
-159.781
-159.819
-159.858
-159.895
-159.933
-159.971
-160.008
-160.046
-160.083
-160.12
-160.156
-160.193
-160.229
-160.266
-160.302
-160.338
-160.374
-160.409
-160.445
-160.48
-160.516
-160.551
-160.586
-160.62
-160.655
-160.69
-160.724
-160.758
-160.792
-160.826
-160.86
-160.894
-160.927
-160.961
-160.994
-161.027
-161.06
-161.093
-161.126
-161.158
-161.191
-161.223
-161.255
-161.287
-161.319
-161.351
-161.383
-161.415
-161.446
-161.478
-161.509
-161.54
-161.571
-161.602
-161.633
-161.663
-161.694
-161.725
-161.755
-161.785
-161.815
-161.845
-161.875
-161.905
-161.935
-161.964
-161.994
-162.023
-162.052
-162.082
-162.111
-162.14
-162.168
-162.197
-162.226
-162.254
-162.283
-162.311
-162.34
-162.368
-162.396
-162.424
-162.452
-162.479
-162.507
-162.535
-162.562
-162.59
-162.617
-162.644
-162.671
-162.698
-162.725
-162.752
-162.779
-162.806
-162.832
-162.859
-162.885
-162.912
-162.938
-162.964
-162.99
-163.016
-163.042
-163.068
-163.094
-163.12
-163.145
-163.171
-163.196
-163.221
-163.247
-163.272
-163.297
-163.322
-163.347
-163.372
-163.397
-163.422
-163.446
-163.471
-163.495
-163.52
-163.544
-163.568
-163.593
-163.617
-163.641
-163.665
-163.689
-163.713
-163.737
-163.76
-163.784
-163.808
-163.831
-163.854
-163.878
-163.901
-163.924
-163.948
-163.971
-163.994
-164.017
-164.04
-164.062
-164.085
-164.108
-164.131
-164.153
-164.176
-164.198
-164.221
-164.243
-164.265
-164.287
-164.31
-164.332
-164.354
-164.376
-164.397
-164.419
-164.441
-164.463
-164.484
-164.506
-164.528
-164.549
-164.571
-164.592
-164.613
-164.634
-164.656
-164.677
-164.698
-164.719
-164.74
-164.761
-164.782
-164.802
-164.823
-164.844
-164.864
-164.885
-164.906
-164.926
-164.946
-164.967
-164.987
-165.007
-165.028
-165.048
-165.068
-165.088
-165.108
-165.128
-165.148
-165.168
-165.187
-165.207
-165.227
-165.247
-165.266
-165.286
-165.305
-165.325
-165.344
-165.363
-165.383
-165.402
-165.421
-165.44
-165.459
-165.479
-165.498
-165.517
-165.535
-165.554
-165.573
-165.592
-165.611
-165.629
-165.648
-165.667
-165.685
-165.704
-165.722
-165.741
-165.759
-165.777
-165.796
-165.814
-165.832
-165.85
-165.868
-165.886
-165.904
-165.922
-165.94
-165.958
-165.976
-165.994
-166.012
-166.029
-166.047
-166.065
-166.082
-166.1
-166.118
-166.135
-166.152
-166.17
-166.187
-166.205
-166.222
-166.239
-166.256
-166.274
-166.291
-166.308
-166.325
-166.342
-166.359
-166.376
-166.393
-166.409
-166.426
-166.443
-166.46
-166.477
-166.493
-166.51
-166.526
-166.543
-166.56
-166.576
-166.592
-166.609
-166.625
-166.642
-166.658
-166.674
-166.69
-166.707
-166.723
-166.739
-166.755
-166.771
-166.787
-166.803
-166.819
-166.835
-166.851
-166.867
-166.882
-166.898
-166.914
-166.93
-166.945
-166.961
-166.977
-166.992
-167.008
-167.023
-167.039
-167.054
-167.07
-167.085
-167.1
-167.116
-167.131
-167.146
-167.161
-167.177
-167.192
-167.207
-167.222
-167.237
-167.252
-167.267
-167.282
-167.297
-167.312
-167.327
-167.342
-167.356
-167.371
-167.386
-167.401
-167.415
-167.43
-167.445
-167.459
-167.474
-167.488
-167.503
-167.517
-167.532
-167.546
-167.561
-167.575
-167.589
-167.604
-167.618
-167.632
-167.646
-167.661
-167.675
-167.689
-167.703
-167.717
-167.731
-167.745
-167.759
-167.773
-167.787
-167.801
-167.815
-167.829
-167.843
-167.856
-167.87
-167.884
-167.898
-167.911
-167.925
-167.939
-167.952
-167.966
-167.979
-167.993
-168.006
-168.02
-168.033
-168.047
-168.06
-168.074
-168.087
-168.1
-168.114
-168.127
-168.14
-168.153
-168.166
-168.18
-168.193
-168.206
-168.219
-168.232
-168.245
-168.258
-168.271
-168.284
-168.297
-168.31
-168.323
-168.336
-168.349
-168.361
-168.374
-168.387
-168.4
-168.412
-168.425
-168.438
-168.45
-168.463
-168.476
-168.488
-168.501
-168.513
-168.526
-168.538
-168.551
-168.563
-168.576
-168.588
-168.601
-168.613
-168.625
-168.637
-168.65
-168.662
-168.674
-168.686
-168.699
-168.711
-168.723
-168.735
-168.747
-168.759
-168.771
-168.783
-168.795
-168.807
-168.819
-168.831
-168.843
-168.855
-168.867
-168.879
-168.891
-168.903
-168.914
-168.926
-168.938
-168.95
-168.961
-168.973
-168.985
-168.996
-169.008
-169.02
-169.031
-169.043
-169.054
-169.066
-169.077
-169.089
-169.1
-169.112
-169.123
-169.135
-169.146
-169.157
-169.169
-169.18
-169.191
-169.203
-169.214
-169.225
-169.236
-169.247
-169.259
-169.27
-169.281
-169.292
-169.303
-169.314
-169.325
-169.336
-169.347
-169.358
-169.369
-169.38
-169.391
-169.402
-169.413
-169.424
-169.435
-169.446
-169.457
-169.467
-169.478
-169.489
-169.5
-169.51
-169.521
-169.532
-169.543
-169.553
-169.564
-169.575
-169.585
-169.596
-169.606
-169.617
-169.627
-169.638
-169.648
-169.659
-169.669
-169.68
-169.69
-169.701
-169.711
-169.721
-169.732
-169.742
-169.752
-169.763
-169.773
-169.783
-169.794
-169.804
-169.814
-169.824
-169.834
-169.845
-169.855
-169.865
-169.875
-169.885
-169.895
-169.905
-169.915
-169.925
-169.935
-169.945
-169.955
-169.965
-169.975
-169.985
-169.995
-170.005
-170.015
-170.025
-170.034
-170.044
-170.054
-170.064
-170.074
-170.083
-170.093
-170.103
-170.113
-170.122
-170.132
-170.142
-170.151
-170.161
-170.171
-170.18
-170.19
-170.199
-170.209
-170.218
-170.228
-170.238
-170.247
-170.256
-170.266
-170.275
-170.285
-170.294
-170.304
-170.313
-170.322
-170.332
-170.341
-170.35
-170.36
-170.369
-170.378
-170.388
-170.397
-170.406
-170.415
-170.424
-170.434
-170.443
-170.452
-170.461
-170.47
-170.479
-170.488
-170.497
-170.506
-170.516
-170.525
-170.534
-170.543
-170.552
-170.561
-170.57
-170.578
-170.587
-170.596
-170.605
-170.614
-170.623
-170.632
-170.641
-170.65
-170.658
-170.667
-170.676
-170.685
-170.693
-170.702
-170.711
-170.72
-170.728
-170.737
-170.746
-170.754
-170.763
-170.772
-170.78
-170.789
-170.797
-170.806
-170.815
-170.823
-170.832
-170.84
-170.849
-170.857
-170.866
-170.874
-170.883
-170.891
-170.899
-170.908
-170.916
-170.925
-170.933
-170.941
-170.95
-170.958
-170.966
-170.975
-170.983
-170.991
-171
-171.008
-171.016
-171.024
-171.032
-171.041
-171.049
-171.057
-171.065
-171.073
-171.082
-171.09
-171.098
-171.106
-171.114
-171.122
-171.13
-171.138
-171.146
-171.154
-171.162
-171.17
-171.178
-171.186
-171.194
-171.202
-171.21
-171.218
-171.226
-171.234
-171.242
-171.249
-171.257
-171.265
-171.273
-171.281
-171.289
-171.296
-171.304
-171.312
-171.32
-171.327
-171.335
-171.343
-171.351
-171.358
-171.366
-171.374
-171.381
-171.389
-171.397
-171.404
-171.412
-171.419
-171.427
-171.435
-171.442
-171.45
-171.457
-171.465
-171.472
-171.48
-171.487
-171.495
-171.502
-171.51
-171.517
-171.524
-171.532
-171.539
-171.547
-171.554
-171.561
-171.569
-171.576
-171.584
-171.591
-171.598
-171.605
-171.613
-171.62
-171.627
-171.635
-171.642
-171.649
-171.656
-171.663
-171.671
-171.678
-171.685
-171.692
-171.699
-171.707
-171.714
-171.721
-171.728
-171.735
-171.742
-171.749
-171.756
-171.763
-171.77
-171.777
-171.784
-171.791
-171.798
-171.805
-171.812
-171.819
-171.826
-171.833
-171.84
-171.847
-171.854
-171.861
-171.868
-171.875
-171.882
-171.888
-171.895
-171.902
-171.909
-171.916
-171.923
-171.929
-171.936
-171.943
-171.95
-171.956
-171.963
-171.97
-171.977
-171.983
-171.99
-171.997
-172.003
-172.01
-172.017
-172.023
-172.03
-172.037
-172.043
-172.05
-172.056
-172.063
-172.07
-172.076
-172.083
-172.089
-172.096
-172.102
-172.109
-172.115
-172.122
-172.128
-172.135
-172.141
-172.148
-172.154
-172.161
-172.167
-172.173
-172.18
-172.186
-172.193
-172.199
-172.205
-172.212
-172.218
-172.224
-172.231
-172.237
-172.243
-172.25
-172.256
-172.262
-172.268
-172.275
-172.281
-172.287
-172.293
-172.3
-172.306
-172.312
-172.318
-172.324
-172.33
-172.337
-172.343
-172.349
-172.355
-172.361
-172.367
-172.373
-172.379
-172.386
-172.392
-172.398
-172.404
-172.41
-172.416
-172.422
-172.428
-172.434
-172.44
-172.446
-172.452
-172.458
-172.464
-172.47
-172.476
-172.481
-172.487
-172.493
-172.499
-172.505
-172.511
-172.517
-172.523
-172.528
-172.534
-172.54
-172.546
-172.552
-172.558
-172.563
-172.569
-172.575
-172.581
-172.586
-172.592
-172.598
-172.604
-172.609
-172.615
-172.621
-172.627
-172.632
-172.638
-172.644
-172.649
-172.655
-172.661
-172.666
-172.672
-172.677
-172.683
-172.689
-172.694
-172.7
-172.705
-172.711
-172.716
-172.722
-172.727
-172.733
-172.739
-172.744
-172.75
-172.755
-172.76
-172.766
-172.771
-172.777
-172.782
-172.788
-172.793
-172.799
-172.804
-172.809
-172.815
-172.82
-172.826
-172.831
-172.836
-172.842
-172.847
-172.852
-172.858
-172.863
-172.868
-172.874
-172.879
-172.884
-172.889
-172.895
-172.9
-172.905
-172.91
-172.916
-172.921
-172.926
-172.931
-172.936
-172.942
-172.947
-172.952
-172.957
-172.962
-172.967
-172.973
-172.978
-172.983
-172.988
-172.993
-172.998
-173.003
-173.008
-173.013
-173.018
-173.023
-173.028
-173.033
-173.039
-173.044
-173.049
-173.054
-173.059
-173.064
-173.068
-173.073
-173.078
-173.083
-173.088
-173.093
-173.098
-173.103
-173.108
-173.113
-173.118
-173.123
-173.128
-173.132
-173.137
-173.142
-173.147
-173.152
-173.157
-173.161
-173.166
-173.171
-173.176
-173.181
-173.185
-173.19
-173.195
-173.2
-173.205
-173.209
-173.214
-173.219
-173.223
-173.228
-173.233
-173.238
-173.242
-173.247
-173.252
-173.256
-173.261
-173.266
-173.27
-173.275
-173.28
-173.284
-173.289
-173.293
-173.298
-173.302
-173.307
-173.312
-173.316
-173.321
-173.325
-173.33
-173.334
-173.339
-173.343
-173.348
-173.352
-173.357
-173.361
-173.366
-173.37
-173.375
-173.379
-173.384
-173.388
-173.393
-173.397
-173.401
-173.406
-173.41
-173.415
-173.419
-173.423
-173.428
-173.432
-173.436
-173.441
-173.445
-173.45
-173.454
-173.458
-173.462
-173.467
-173.471
-173.475
-173.48
-173.484
-173.488
-173.492
-173.497
-173.501
-173.505
-173.509
-173.514
-173.518
-173.522
-173.526
-173.53
-173.535
-173.539
-173.543
-173.547
-173.551
-173.555
-173.56
-173.564
-173.568
-173.572
-173.576
-173.58
-173.584
-173.588
-173.592
-173.596
-173.601
-173.605
-173.609
-173.613
-173.617
-173.621
-173.625
-173.629
-173.633
-173.637
-173.641
-173.645
-173.649
-173.653
-173.657
-173.661
-173.665
-173.669
-173.673
-173.676
-173.68
-173.684
-173.688
-173.692
-173.696
-173.7
-173.704
-173.708
-173.711
-173.715
-173.719
-173.723
-173.727
-173.731
-173.735
-173.738
-173.742
-173.746
-173.75
-173.754
-173.757
-173.761
-173.765
-173.769
-173.772
-173.776
-173.78
-173.784
-173.787
-173.791
-173.795
-173.798
-173.802
-173.806
-173.81
-173.813
-173.817
-173.821
-173.824
-173.828
-173.832
-173.835
-173.839
-173.842
-173.846
-173.85
-173.853
-173.857
-173.86
-173.864
-173.868
-173.871
-173.875
-173.878
-173.882
-173.885
-173.889
-173.892
-173.896
-173.899
-173.903
-173.906
-173.91
-173.913
-173.917
-173.92
-173.924
-173.927
-173.931
-173.934
-173.938
-173.941
-173.944
-173.948
-173.951
-173.955
-173.958
-173.962
-173.965
-173.968
-173.972
-173.975
-173.978
-173.982
-173.985
-173.988
-173.992
-173.995
-173.998
-174.002
-174.005
-174.008
-174.012
-174.015
-174.018
-174.021
-174.025
-174.028
-174.031
-174.034
-174.038
-174.041
-174.044
-174.047
-174.051
-174.054
-174.057
-174.06
-174.063
-174.067
-174.07
-174.073
-174.076
-174.079
-174.082
-174.085
-174.089
-174.092
-174.095
-174.098
-174.101
-174.104
-174.107
-174.11
-174.113
-174.117
-174.12
-174.123
-174.126
-174.129
-174.132
-174.135
-174.138
-174.141
-174.144
-174.147
-174.15
-174.153
-174.156
-174.159
-174.162
-174.165
-174.168
-174.171
-174.174
-174.177
-174.18
-174.183
-174.186
-174.188
-174.191
-174.194
-174.197
-174.2
-174.203
-174.206
-174.209
-174.212
-174.215
-174.217
-174.22
-174.223
-174.226
-174.229
-174.232
-174.234
-174.237
-174.24
-174.243
-174.246
-174.248
-174.251
-174.254
-174.257
-174.26
-174.262
-174.265
-174.268
-174.271
-174.273
-174.276
-174.279
-174.281
-174.284
-174.287
-174.29
-174.292
-174.295
-174.298
-174.3
-174.303
-174.306
-174.308
-174.311
-174.314
-174.316
-174.319
-174.321
-174.324
-174.327
-174.329
-174.332
-174.334
-174.337
-174.34
-174.342
-174.345
-174.347
-174.35
-174.352
-174.355
-174.358
-174.36
-174.363
-174.365
-174.368
-174.37
-174.373
-174.375
-174.378
-174.38
-174.383
-174.385
-174.388
-174.39
-174.392
-174.395
-174.397
-174.4
-174.402
-174.405
-174.407
-174.409
-174.412
-174.414
-174.417
-174.419
-174.421
-174.424
-174.426
-174.428
-174.431
-174.433
-174.436
-174.438
-174.44
-174.443
-174.445
-174.447
-174.449
-174.452
-174.454
-174.456
-174.459
-174.461
-174.463
-174.465
-174.468
-174.47
-174.472
-174.474
-174.477
-174.479
-174.481
-174.483
-174.486
-174.488
-174.49
-174.492
-174.494
-174.497
-174.499
-174.501
-174.503
-174.505
-174.507
-174.51
-174.512
-174.514
-174.516
-174.518
-174.52
-174.522
-174.524
-174.527
-174.529
-174.531
-174.533
-174.535
-174.537
-174.539
-174.541
-174.543
-174.545
-174.547
-174.549
-174.551
-174.553
-174.555
-174.557
-174.559
-174.561
-174.563
-174.565
-174.567
-174.569
-174.571
-174.573
-174.575
-174.577
-174.579
-174.581
-174.583
-174.585
-174.587
-174.589
-174.591
-174.593
-174.595
-174.596
-174.598
-174.6
-174.602
-174.604
-174.606
-174.608
-174.61
-174.611
-174.613
-174.615
-174.617
-174.619
-174.621
-174.622
-174.624
-174.626
-174.628
-174.63
-174.631
-174.633
-174.635
-174.637
-174.638
-174.64
-174.642
-174.644
-174.646
-174.647
-174.649
-174.651
-174.652
-174.654
-174.656
-174.658
-174.659
-174.661
-174.663
-174.664
-174.666
-174.668
-174.669
-174.671
-174.673
-174.674
-174.676
-174.678
-174.679
-174.681
-174.682
-174.684
-174.686
-174.687
-174.689
-174.69
-174.692
-174.694
-174.695
-174.697
-174.698
-174.7
-174.701
-174.703
-174.704
-174.706
-174.708
-174.709
-174.711
-174.712
-174.714
-174.715
-174.717
-174.718
-174.72
-174.721
-174.722
-174.724
-174.725
-174.727
-174.728
-174.73
-174.731
-174.733
-174.734
-174.735
-174.737
-174.738
-174.74
-174.741
-174.743
-174.744
-174.745
-174.747
-174.748
-174.749
-174.751
-174.752
-174.753
-174.755
-174.756
-174.757
-174.759
-174.76
-174.761
-174.763
-174.764
-174.765
-174.767
-174.768
-174.769
-174.77
-174.772
-174.773
-174.774
-174.776
-174.777
-174.778
-174.779
-174.78
-174.782
-174.783
-174.784
-174.785
-174.787
-174.788
-174.789
-174.79
-174.791
-174.793
-174.794
-174.795
-174.796
-174.797
-174.798
-174.799
-174.801
-174.802
-174.803
-174.804
-174.805
-174.806
-174.807
-174.808
-174.809
-174.811
-174.812
-174.813
-174.814
-174.815
-174.816
-174.817
-174.818
-174.819
-174.82
-174.821
-174.822
-174.823
-174.824
-174.825
-174.826
-174.827
-174.828
-174.829
-174.83
-174.831
-174.832
-174.833
-174.834
-174.835
-174.836
-174.837
-174.838
-174.839
-174.84
-174.841
-174.842
-174.843
-174.843
-174.844
-174.845
-174.846
-174.847
-174.848
-174.849
-174.85
-174.851
-174.851
-174.852
-174.853
-174.854
-174.855
-174.856
-174.856
-174.857
-174.858
-174.859
-174.86
-174.86
-174.861
-174.862
-174.863
-174.864
-174.864
-174.865
-174.866
-174.867
-174.867
-174.868
-174.869
-174.87
-174.87
-174.871
-174.872
-174.873
-174.873
-174.874
-174.875
-174.875
-174.876
-174.877
-174.877
-174.878
-174.879
-174.879
-174.88
-174.881
-174.881
-174.882
-174.883
-174.883
-174.884
-174.884
-174.885
-174.886
-174.886
-174.887
-174.887
-174.888
-174.889
-174.889
-174.89
-174.89
-174.891
-174.891
-174.892
-174.892
-174.893
-174.894
-174.894
-174.895
-174.895
-174.896
-174.896
-174.897
-174.897
-174.898
-174.898
-174.899
-174.899
-174.899
-174.9
-174.9
-174.901
-174.901
-174.902
-174.902
-174.903
-174.903
-174.903
-174.904
-174.904
-174.905
-174.905
-174.905
-174.906
-174.906
-174.907
-174.907
-174.907
-174.908
-174.908
-174.908
-174.909
-174.909
-174.909
-174.91
-174.91
-174.91
-174.911
-174.911
-174.911
-174.911
-174.912
-174.912
-174.912
-174.913
-174.913
-174.913
-174.913
-174.914
-174.914
-174.914
-174.914
-174.915
-174.915
-174.915
-174.915
-174.915
-174.916
-174.916
-174.916
-174.916
-174.916
-174.917
-174.917
-174.917
-174.917
-174.917
-174.917
-174.917
-174.918
-174.918
-174.918
-174.918
-174.918
-174.918
-174.918
-174.919
-174.919
-174.919
-174.919
-174.919
-174.919
-174.919
-174.919
-174.919
-174.919
-174.919
-174.919
-174.919
-174.919
-174.919
-174.919
-174.919
-174.919
-174.919
