1.5708
1.57001
1.56922
1.56844
1.56766
1.56687
1.56608
1.5653
1.56451
1.56373
1.56294
1.56216
1.56137
1.56058
1.5598
1.55901
1.55823
1.55745
1.55666
1.55588
1.55509
1.5543
1.55352
1.55273
1.55195
1.55116
1.55038
1.54959
1.54881
1.54802
1.54723
1.54645
1.54566
1.54488
1.54409
1.54331
1.54252
1.54174
1.54095
1.54017
1.53938
1.5386
1.53781
1.53702
1.53624
1.53545
1.53467
1.53388
1.5331
1.53231
1.53153
1.53074
1.52996
1.52917
1.52839
1.5276
1.52682
1.52603
1.52524
1.52446
1.52367
1.52289
1.5221
1.52132
1.52053
1.51975
1.51896
1.51817
1.51739
1.5166
1.51582
1.51503
1.51425
1.51346
1.51268
1.51189
1.51111
1.51032
1.50954
1.50875
1.50797
1.50718
1.50639
1.50561
1.50482
1.50404
1.50325
1.50247
1.50168
1.5009
1.50011
1.49933
1.49854
1.49776
1.49697
1.49618
1.4954
1.49461
1.49383
1.49304
1.49226
1.49147
1.49069
1.4899
1.48911
1.48833
1.48754
1.48676
1.48597
1.48519
1.4844
1.48362
1.48283
1.48205
1.48126
1.48048
1.47969
1.47891
1.47812
1.47733
1.47655
1.47576
1.47498
1.47419
1.47341
1.47262
1.47184
1.47105
1.47027
1.46948
1.4687
1.46791
1.46712
1.46634
1.46555
1.46477
1.46398
1.4632
1.46241
1.46163
1.46084
1.46006
1.45927
1.45848
1.4577
1.45691
1.45613
1.45534
1.45456
1.45377
1.45299
1.4522
1.45142
1.45063
1.44985
1.44906
1.44828
1.44749
1.4467
1.44592
1.44513
1.44435
1.44356
1.44278
1.44199
1.44121
1.44042
1.43964
1.43885
1.43806
1.43728
1.43649
1.43571
1.43492
1.43414
1.43335
1.43257
1.43178
1.431
1.43021
1.42943
1.42864
1.42785
1.42707
1.42629
1.4255
1.42471
1.42393
1.42314
1.42236
1.42157
1.42079
1.42
1.41922
1.41843
1.41765
1.41686
1.41607
1.41529
1.4145
1.41372
1.41293
1.41215
1.41136
1.41058
1.40979
1.409
1.40822
1.40744
1.40665
1.40586
1.40508
1.40429
1.40351
1.40272
1.40194
1.40115
1.40037
1.39958
1.3988
1.39801
1.39722
1.39644
1.39565
1.39487
1.39408
1.3933
1.39251
1.39173
1.39094
1.39016
1.38937
1.38859
1.3878
1.38701
1.38623
1.38544
1.38466
1.38388
1.3831
1.3823
1.38152
1.38073
1.37995
1.37916
1.37838
1.37759
1.3768
1.37602
1.37523
1.37445
1.37366
1.37288
1.37209
1.37131
1.37052
1.36974
1.36895
1.36817
1.36738
1.3666
1.36581
1.36502
1.36424
1.36345
1.36267
1.36188
1.3611
1.36031
1.35953
1.35874
1.35796
1.35717
1.35639
1.3556
1.35481
1.35403
1.35324
1.35246
1.35167
1.35088
1.3501
1.34932
1.34853
1.34775
1.34696
1.34617
1.34539
1.3446
1.34382
1.34303
1.34225
1.34146
1.34068
1.33989
1.33911
1.33832
1.33753
1.33675
1.33596
1.33518
1.33439
1.33361
1.33282
1.33204
1.33125
1.33047
1.32968
1.3289
1.32811
1.32732
1.32654
1.32576
1.32497
1.32418
1.3234
1.32261
1.32183
1.32104
1.32026
1.31947
1.31869
1.3179
1.31711
1.31633
1.31554
1.31476
1.31397
1.31319
1.3124
1.31162
1.31083
1.31005
1.30926
1.30847
1.30769
1.3069
1.30612
1.30533
1.30455
1.30376
1.30298
1.30219
1.30141
1.30062
1.29984
1.29905
1.29827
1.29748
1.29669
1.29591
1.29512
1.29434
1.29355
1.29277
1.29198
1.2912
1.29041
1.28963
1.28884
1.28805
1.28727
1.28648
1.2857
1.28491
1.28413
1.28334
1.28256
1.28177
1.28099
1.2802
1.27942
1.27863
1.27784
1.27706
1.27628
1.27549
1.2747
1.27392
1.27313
1.27235
1.27156
1.27078
1.26999
1.26921
1.26842
1.26764
1.26685
1.26606
1.26528
1.26449
1.26371
1.26292
1.26214
1.26135
1.26057
1.25978
1.25899
1.25821
1.25743
1.25664
1.25585
1.25507
1.25428
1.2535
1.25271
1.25193
1.25114
1.25036
1.24957
1.24879
1.248
1.24721
1.24643
1.24564
1.24486
1.24407
1.24329
1.2425
1.24172
1.24093
1.24015
1.23936
1.23858
1.23779
1.237
1.23622
1.23543
1.23465
1.23386
1.23308
1.23229
1.23151
1.23072
1.22994
1.22915
1.22836
1.22758
1.2268
1.22601
1.22522
1.22444
1.22365
1.22287
1.22208
1.2213
1.22051
1.21973
1.21894
1.21815
1.21737
1.21658
1.2158
1.21501
1.21423
1.21344
1.21266
1.21187
1.21108
1.2103
1.20951
1.20873
1.20795
1.20716
1.20637
1.20559
1.2048
1.20402
1.20323
1.20245
1.20166
1.20088
1.20009
1.19931
1.19852
1.19773
1.19695
1.19617
1.19538
1.19459
1.19381
1.19302
1.19224
1.19145
1.19066
1.18988
1.1891
1.18831
1.18753
1.18674
1.18595
1.18518
1.18438
1.1836
1.18284
1.18201
1.18123
1.18043
1.17968
1.17888
1.17809
1.17732
1.17653
1.17574
1.17496
1.17417
1.17339
1.1726
1.17182
1.17103
1.17025
1.16946
1.16867
1.16789
1.1671
1.16632
1.16553
1.16475
1.16396
1.16318
1.16239
1.16161
1.16082
1.16004
1.15925
1.15846
1.15768
1.15689
1.15611
1.15532
1.15454
1.15375
1.15297
1.15218
1.1514
1.15061
1.14982
1.14904
1.14826
1.14747
1.14668
1.1459
1.14511
1.14433
1.14354
1.14276
1.14197
1.14119
1.1404
1.13962
1.13883
1.13804
1.13726
1.13647
1.13569
1.1349
1.13412
1.13333
1.13255
1.13176
1.13098
1.13019
1.12941
1.12862
1.12784
1.12705
1.12626
1.12548
1.12469
1.12391
1.12312
1.12234
1.12155
1.12077
1.11998
1.11919
1.11841
1.11763
1.11684
1.11605
1.11527
1.11448
1.1137
1.11291
1.11213
1.11134
1.11056
1.10977
1.10899
1.1082
1.10741
1.10663
1.10584
1.10506
1.10427
1.10349
1.1027
1.10192
1.10113
1.10035
1.09956
1.09878
1.09799
1.0972
1.09642
1.09563
1.09485
1.09406
1.09328
1.09249
1.09171
1.09092
1.09014
1.08935
1.08856
1.08778
1.08699
1.08621
1.08542
1.08464
1.08385
1.08307
1.08228
1.0815
1.08071
1.07993
1.07914
1.07836
1.07757
1.07678
1.076
1.07521
1.07443
1.07364
1.07286
1.07207
1.07129
1.0705
1.06972
1.06893
1.06815
1.06736
1.06657
1.06579
1.065
1.06422
1.06343
1.06265
1.06186
1.06108
1.06029
1.05951
1.05872
1.05793
1.05715
1.05637
1.05558
1.05479
1.05401
1.05322
1.05244
1.05165
1.05087
1.05008
1.0493
1.04851
1.04773
1.04694
1.04615
1.04537
1.04458
1.0438
1.04301
1.04223
1.04144
1.04066
1.03987
1.03908
1.0383
1.03751
1.03673
1.03594
1.03516
1.03437
1.03359
1.0328
1.03202
1.03123
1.03045
1.02966
1.02887
1.02809
1.0273
1.02652
1.02573
1.02495
1.02416
1.02338
1.02259
1.02181
1.02102
1.02024
1.01945
1.01867
1.01788
1.0171
1.01631
1.01552
1.01474
1.01395
1.01317
1.01238
1.0116
1.01081
1.01003
1.00924
1.00846
1.00767
1.00689
1.0061
1.00531
1.00453
1.00374
1.00296
1.00217
1.00139
1.0006
0.999817
0.999028
0.998246
0.997463
0.996672
0.995891
0.995107
0.994316
0.993535
0.99275
0.99196
0.991179
0.990394
0.989603
0.988823
0.988039
0.987248
0.986468
0.985685
0.984892
0.984112
0.983332
0.982537
0.98176
0.980998
0.980203
0.979379
0.978585
0.977821
0.977038
0.976245
0.975466
0.974683
0.973892
0.97311
0.972328
0.971538
0.970755
0.969971
0.96918
0.968399
0.967616
0.966826
0.966043
0.96526
0.96447
0.963687
0.962904
0.962114
0.961331
0.960545
0.959757
0.958976
0.958191
0.957403
0.956619
0.955834
0.955045
0.954263
0.953478
0.952689
0.951908
0.951124
0.950334
0.94955
0.948766
0.947978
0.947194
0.946409
0.945622
0.944838
0.944052
0.943266
0.942483
0.941697
0.94091
0.940126
0.93934
0.938554
0.937769
0.936984
0.936198
0.935413
0.934628
0.933842
0.933058
0.932273
0.931484
0.9307
0.929916
0.929129
0.928344
0.927559
0.926774
0.925988
0.925203
0.924418
0.923632
0.922847
0.922062
0.921276
0.920491
0.919705
0.91892
0.918135
0.91735
0.916563
0.915779
0.914993
0.914207
0.913423
0.912636
0.911851
0.911067
0.91028
0.909495
0.908711
0.907925
0.907139
0.906354
0.905568
0.904783
0.903999
0.903213
0.902426
0.901642
0.900855
0.90007
0.899286
0.8985
0.897714
0.896929
0.896143
0.895359
0.894573
0.893787
0.893002
0.892217
0.891431
0.890646
0.889861
0.889075
0.88829
0.887503
0.886718
0.885934
0.885149
0.884363
0.883576
0.882791
0.882007
0.881221
0.880436
0.87965
0.878864
0.878079
0.877294
0.876509
0.875724
0.874938
0.874153
0.873367
0.872582
0.871796
0.871011
0.870226
0.86944
0.868655
0.86787
0.867084
0.866299
0.865514
0.864727
0.863943
0.863157
0.862371
0.861587
0.860801
0.860015
0.85923
0.858446
0.857659
0.856875
0.856089
0.855304
0.854517
0.853731
0.852947
0.852162
0.851376
0.850591
0.849806
0.84902
0.848235
0.847449
0.846663
0.845878
0.845093
0.844307
0.843523
0.842737
0.841951
0.841166
0.840381
0.839595
0.83881
0.838025
0.837238
0.836454
0.835667
0.834883
0.834098
0.833312
0.832527
0.831742
0.830956
0.83017
0.829385
0.828599
0.827814
0.82703
0.826245
0.825458
0.824673
0.823888
0.823102
0.822316
0.821531
0.820746
0.81996
0.819175
0.81839
0.817605
0.81682
0.816033
0.815247
0.814463
0.813678
0.812891
0.812107
0.811321
0.810535
0.809751
0.808967
0.808179
0.807397
0.806604
0.805824
0.805038
0.804251
0.803467
0.802682
0.801895
0.801111
0.800326
0.799539
0.798754
0.79797
0.797184
0.796399
0.795614
0.794827
0.794042
0.793257
0.792471
0.791686
0.790902
0.790114
0.78933
0.788545
0.787759
0.786974
0.78619
0.785402
0.784616
0.783833
0.783046
0.782261
0.781478
0.780688
0.7799
0.779123
0.77832
0.777554
0.776759
0.775981
0.775196
0.774407
0.773622
0.772837
0.77205
0.771266
0.770482
0.769694
0.768909
0.768125
0.76734
0.766554
0.765769
0.764983
0.764197
0.763412
0.762627
0.761842
0.761056
0.76027
0.759485
0.7587
0.757916
0.757129
0.756344
0.755559
0.754773
0.753987
0.753203
0.752417
0.751631
0.750846
0.750062
0.749273
0.74849
0.747703
0.746919
0.746134
0.745347
0.744562
0.743778
0.742991
0.742206
0.741422
0.740635
0.73985
0.739065
0.738279
0.737494
0.736709
0.735923
0.735138
0.734352
0.733567
0.732782
0.731997
0.73121
0.730424
0.72964
0.728855
0.728069
0.727284
0.726499
0.725713
0.724928
0.724143
0.723357
0.722572
0.721786
0.721001
0.720215
0.71943
0.718644
0.71786
0.717074
0.716288
0.715503
0.714718
0.713932
0.713147
0.712362
0.711575
0.710791
0.710006
0.70922
0.708435
0.70765
0.706863
0.706078
0.705293
0.704507
0.703722
0.702937
0.702151
0.701365
0.700581
0.699795
0.699011
0.698224
0.697439
0.696653
0.695868
0.695083
0.694297
0.693512
0.692726
0.691941
0.691156
0.69037
0.689585
0.6888
0.688014
0.687228
0.686443
0.685658
0.684873
0.684087
0.683302
0.682515
0.681732
0.680946
0.680161
0.679375
0.678589
0.677803
0.677019
0.676234
0.675448
0.674663
0.673878
0.673092
0.672306
0.671521
0.670735
0.66995
0.669164
0.668379
0.667595
0.666809
0.666023
0.665238
0.664453
0.663667
0.662882
0.662096
0.661311
0.660526
0.65974
0.658955
0.658169
0.657385
0.656598
0.655813
0.655028
0.654242
0.653456
0.652672
0.651886
0.651101
0.650315
0.64953
0.648745
0.647959
0.647173
0.646388
0.645603
0.644817
0.644032
0.643247
0.642462
0.641676
0.640891
0.640105
0.63932
0.638535
0.637748
0.636963
0.636178
0.635392
0.634607
0.633822
0.633037
0.632251
0.631466
0.630681
0.629895
0.629109
0.628324
0.627539
0.626754
0.625969
0.625183
0.624396
0.623611
0.622826
0.622041
0.621256
0.62047
0.619685
0.618899
0.618114
0.617329
0.616544
0.615758
0.614972
0.614187
0.613402
0.612617
0.611831
0.611045
0.61026
0.609475
0.608689
0.607905
0.607119
0.606331
0.605546
0.604762
0.603978
0.603192
0.602406
0.601621
0.600836
0.60005
0.599265
0.598481
0.597693
0.596909
0.596124
0.595337
0.594552
0.593767
0.592981
0.592196
0.591411
0.590625
0.58984
0.589055
0.588268
0.587484
0.586699
0.585912
0.585126
0.584343
0.583556
0.582771
0.581987
0.5812
0.580415
0.57963
0.578843
0.578058
0.577275
0.576492
0.575705
0.574917
0.574132
0.573347
0.572562
0.571775
0.570991
0.570205
0.569419
0.568634
0.56785
0.567064
0.566279
0.565493
0.564707
0.563922
0.563137
0.562351
0.561566
0.56078
0.559994
0.559209
0.558426
0.557639
0.556854
0.556067
0.555282
0.554498
0.553711
0.552926
0.552141
0.551355
0.55057
0.549785
0.549
0.548214
0.547429
0.546644
0.545858
0.545072
0.544287
0.543502
0.542716
0.541931
0.541145
0.54036
0.539575
0.538789
0.538004
0.537218
0.536433
0.535648
0.534862
0.534077
0.533291
0.532506
0.531721
0.530935
0.53015
0.529365
0.528579
0.527794
0.527008
0.526223
0.525438
0.524652
0.523867
0.523082
0.522296
0.521511
0.520725
0.519939
0.519154
0.518369
0.517584
0.516798
0.516013
0.515227
0.514442
0.513657
0.512871
0.512086
0.5113
0.510515
0.509729
0.508945
0.508159
0.507374
0.506588
0.505802
0.505017
0.504232
0.503446
0.502661
0.501876
0.50109
0.500305
0.49952
0.498735
0.497949
0.497163
0.496378
0.495593
0.494807
0.494022
0.493236
0.492451
0.491666
0.49088
0.490095
0.48931
0.488524
0.487738
0.486953
0.486168
0.485382
0.484597
0.483812
0.483026
0.48224
0.481456
0.48067
0.479885
0.479099
0.478313
0.477528
0.476743
0.475958
0.475172
0.474387
0.473602
0.472816
0.47203
0.471245
0.47046
0.469674
0.468889
0.468104
0.467319
0.466533
0.465747
0.464962
0.464177
0.463391
0.462606
0.46182
0.461035
0.460249
0.459465
0.458679
0.457894
0.457108
0.456323
0.455537
0.454752
0.453967
0.453181
0.452396
0.451611
0.450826
0.45004
0.449255
0.448469
0.447683
0.446898
0.446113
0.445327
0.444542
0.443756
0.442971
0.442186
0.441401
0.440615
0.439829
0.439044
0.438258
0.437474
0.436688
0.435902
0.435117
0.434331
0.433547
0.432761
0.431976
0.431189
0.430405
0.429619
0.428833
0.428048
0.427263
0.426477
0.425692
0.424907
0.424121
0.423336
0.422551
0.421766
0.42098
0.420194
0.419408
0.418624
0.417839
0.417053
0.416268
0.415482
0.414696
0.413912
0.413126
0.412341
0.411555
0.41077
0.409984
0.409199
0.408414
0.407628
0.406843
0.406058
0.40527
0.404489
0.403702
0.402921
0.402128
0.401345
0.40056
0.399773
0.39899
0.398204
0.397417
0.396633
0.395848
0.395061
0.394276
0.393491
0.392706
0.391921
0.391135
0.390349
0.389565
0.388779
0.387993
0.387208
0.386422
0.385637
0.384852
0.384066
0.383282
0.382496
0.38171
0.380925
0.38014
0.379353
0.378569
0.377783
0.376998
0.376214
0.375427
0.374641
0.373854
0.373071
0.372285
0.3715
0.370715
0.369929
0.369143
0.368359
0.367573
0.366787
0.366003
0.365216
0.364431
0.363646
0.36286
0.362075
0.36129
0.360504
0.359718
0.358934
0.358149
0.357363
0.356577
0.355792
0.355006
0.354222
0.353436
0.35265
0.351865
0.35108
0.350294
0.34951
0.348724
0.347938
0.347153
0.346368
0.345582
0.344796
0.344011
0.343226
0.342441
0.341655
0.340869
0.340085
0.339299
0.338514
0.337727
0.336943
0.336157
0.335372
0.334586
0.333801
0.333016
0.33223
0.331445
0.33066
0.329874
0.329088
0.328303
0.327518
0.326732
0.325946
0.325162
0.324376
0.323591
0.322805
0.32202
0.321235
0.320449
0.319664
0.318878
0.318093
0.317308
0.316522
0.315737
0.314951
0.314166
0.313381
0.312595
0.31181
0.311024
0.310239
0.309454
0.308668
0.307883
0.307097
0.306312
0.305527
0.304741
0.303956
0.303171
0.302385
0.3016
0.300814
0.300029
0.299244
0.298459
0.297672
0.296887
0.296102
0.295316
0.294531
0.293746
0.29296
0.292175
0.29139
0.290604
0.289819
0.289034
0.288248
0.287462
0.286677
0.285892
0.285106
0.284321
0.283536
0.28275
0.281965
0.28118
0.280394
0.279609
0.278822
0.278037
0.277252
0.276467
0.275682
0.274896
0.274111
0.273325
0.27254
0.271755
0.270969
0.270184
0.269398
0.268613
0.267828
0.267042
0.266257
0.265472
0.264686
0.263901
0.263115
0.26233
0.261544
0.260759
0.259973
0.259188
0.258403
0.257618
0.256832
0.256047
0.255261
0.254476
0.253691
0.252905
0.25212
0.251335
0.250549
0.249763
0.248978
0.248193
0.247407
0.246622
0.245837
0.245051
0.244266
0.243481
0.242695
0.24191
0.241124
0.240339
0.239555
0.238767
0.237983
0.237198
0.236412
0.235626
0.234841
0.234056
0.23327
0.232485
0.231699
0.230914
0.230129
0.229343
0.228557
0.227772
0.226987
0.226202
0.225416
0.224631
0.223845
0.22306
0.222275
0.22149
0.220704
0.219918
0.219133
0.218347
0.217563
0.216777
0.215991
0.215206
0.21442
0.213635
0.21285
0.212065
0.211279
0.210494
0.209708
0.208923
0.208138
0.207352
0.206567
0.205782
0.204996
0.204211
0.203426
0.20264
0.201853
0.201066
0.200282
0.199499
0.198713
0.197927
0.197142
0.196356
0.195571
0.194786
0.194
0.193215
0.19243
0.191644
0.190858
0.190074
0.189288
0.188502
0.187717
0.186932
0.186146
0.185361
0.184575
0.18379
0.183006
0.182219
0.181434
0.180649
0.179863
0.179078
0.178292
0.177507
0.176721
0.175936
0.175151
0.174365
0.17358
0.172794
0.172009
0.171224
0.170438
0.169653
0.168867
0.168082
0.167297
0.166511
0.165726
0.16494
0.164155
0.16337
0.162584
0.161799
0.161014
0.160228
0.159443
0.158657
0.157872
0.157087
0.156301
0.155516
0.154731
0.153945
0.15316
0.152374
0.151589
0.150803
0.150018
0.149233
0.148447
0.147662
0.146877
0.146091
0.145306
0.14452
0.143735
0.14295
0.142164
0.141378
0.140594
0.139808
0.139023
0.138237
0.137452
0.136666
0.135881
0.135096
0.13431
0.133525
0.132739
0.131954
0.131169
0.130384
0.129598
0.128812
0.128027
0.127242
0.126456
0.125671
0.124885
0.1241
0.123315
0.122529
0.121744
0.120958
0.120173
0.119387
0.118603
0.117817
0.117031
0.116246
0.11546
0.114675
0.11389
0.113104
0.112319
0.111534
0.110748
0.109962
0.109178
0.108392
0.107607
0.106821
0.106036
0.105251
0.104465
0.10368
0.102894
0.102109
0.101323
0.100538
0.0997528
0.0989678
0.098182
0.0973965
0.0966112
0.0958257
0.0950405
0.094255
0.0934696
0.0926843
0.0918987
0.0911132
0.0903283
0.0895431
0.0887572
0.0879717
0.0871864
0.0864008
0.0856156
0.0848303
0.0840449
0.0832595
0.0824739
0.0816884
0.0809032
0.0801188
0.0793315
0.0785469
0.0777616
0.0769762
0.0761909
0.0754053
0.0746198
0.0738347
0.0730492
0.0722637
0.0714786
0.0706931
0.0699071
0.0691218
0.0683367
0.0675513
0.0667659
0.0659806
0.065195
0.0644098
0.0636244
0.0628388
0.0620536
0.0612683
0.0604821
0.0596973
0.0589119
0.0581269
0.0573411
0.0565558
0.0557704
0.054985
0.0541996
0.0534142
0.0526288
0.0518434
0.0510577
0.0502725
0.0494876
0.0487021
0.0479164
0.0471312
0.0463458
0.0455602
0.044775
0.0439895
0.043204
0.0424189
0.0416334
0.0408475
0.0400633
0.0392774
0.038492
0.0377061
0.0369209
0.0361356
0.0353502
0.0345647
0.0337794
0.032994
0.0322085
0.0314233
0.0306382
0.0298525
0.0290668
0.0282813
0.0274961
0.0267107
0.0259254
0.0251399
0.0243545
0.0235693
0.0227836
0.0219983
0.0212135
0.020427
0.0196421
0.018856
0.0180714
0.0172859
0.0165003
0.0157152
0.0149297
0.0141442
0.0133589
0.0125735
0.0117881
0.0110026
0.0102168
0.00943167
0.00864671
0.00786123
0.00707568
0.00629042
0.005505
0.00471952
0.00393419
0.00314879
0.00236335
0.00157798
0.000792579
-3.14159
3.14081
3.14003
3.13924
3.13846
3.13767
3.13689
3.1361
3.13532
3.13453
3.13375
3.13296
3.13218
3.13139
3.1306
3.12982
3.12903
3.12825
3.12746
3.12668
3.12589
3.12511
3.12432
3.12354
3.12275
3.12196
3.12118
3.12039
3.11961
3.11882
3.11804
3.11725
3.11647
3.11568
3.1149
3.11411
3.11333
3.11254
3.11175
3.11097
3.11018
3.1094
3.10861
3.10783
3.10704
3.10626
3.10547
3.10469
3.1039
3.10312
3.10233
3.10154
3.10076
3.09997
3.09919
3.0984
3.09762
3.09683
3.09605
3.09526
3.09448
3.09369
3.0929
3.09212
3.09133
3.09055
3.08976
3.08898
3.08819
3.08741
3.08662
3.08584
3.08505
3.08427
3.08348
3.0827
3.08191
3.08112
3.08034
3.07955
3.07877
3.07798
3.0772
3.07641
3.07563
3.07484
3.07406
3.07327
3.07249
3.0717
3.07091
3.07013
3.06934
3.06856
3.06777
3.06699
3.0662
3.06542
3.06463
3.06385
3.06306
3.06228
3.06149
3.0607
3.05992
3.05913
3.05835
3.05756
3.05678
3.05599
3.05521
3.05442
3.05364
3.05285
3.05206
3.05128
3.05049
3.04971
3.04892
3.04814
3.04735
3.04657
3.04578
3.045
3.04421
3.04342
3.04264
3.04185
3.04107
3.04028
3.0395
3.03871
3.03793
3.03714
3.03636
3.03557
3.03479
3.034
3.03321
3.03243
3.03164
3.03086
3.03007
3.02929
3.0285
3.02772
3.02693
3.02615
3.02536
3.02458
3.02379
3.023
3.02222
3.02143
3.02065
3.01986
3.01908
3.01829
3.01751
3.01672
3.01594
3.01515
3.01437
3.01358
3.01279
3.01201
3.01122
3.01044
3.00965
3.00887
3.00808
3.0073
3.00651
3.00573
3.00494
3.00416
3.00337
3.00258
3.0018
3.00101
3.00023
2.99944
2.99866
2.99787
2.99709
2.9963
2.99552
2.99473
2.99394
2.99316
2.99237
2.99159
2.9908
2.99002
2.98923
2.98845
2.98766
2.98688
2.98609
2.98531
2.98452
2.98373
2.98295
2.98216
2.98138
2.98059
2.97981
2.97902
2.97824
2.97745
2.97667
2.97588
2.9751
2.97431
2.97352
2.97274
2.97195
2.97117
2.97038
2.9696
2.96881
2.96803
2.96724
2.96646
2.96567
2.96489
2.9641
2.96331
2.96253
2.96174
2.96096
2.96017
2.95939
2.9586
2.95782
2.95703
2.95625
2.95546
2.95468
2.95389
2.9531
2.95232
2.95153
2.95075
2.94996
2.94918
2.94839
2.94761
2.94682
2.94604
2.94525
2.94446
2.94368
2.94289
2.94211
2.94132
2.94054
2.93975
2.93897
2.93818
2.9374
2.93661
2.93582
2.93504
2.93425
2.93347
2.93268
2.9319
2.93111
2.93033
2.92954
2.92876
2.92797
2.92719
2.9264
2.92562
2.92483
2.92404
2.92326
2.92247
2.92169
2.9209
2.92012
2.91933
2.91855
2.91776
2.91698
2.91619
2.91541
2.91462
2.91383
2.91305
2.91226
2.91148
2.91069
2.90991
2.90912
2.90834
2.90755
2.90677
2.90598
2.90519
2.90441
2.90362
2.90284
2.90205
2.90127
2.90048
2.8997
2.89891
2.89813
2.89734
2.89656
2.89577
2.89498
2.8942
2.89341
2.89263
2.89184
2.89106
2.89027
2.88949
2.8887
2.88792
2.88713
2.88635
2.88556
2.88477
2.88399
2.8832
2.88242
2.88163
2.88085
2.88006
2.87928
2.87849
2.87771
2.87692
2.87613
2.87535
2.87456
2.87378
2.87299
2.87221
2.87142
2.87064
2.86985
2.86907
2.86828
2.8675
2.86671
2.86592
2.86514
2.86435
2.86357
2.86278
2.862
2.86121
2.86043
2.85964
2.85886
2.85807
2.85729
2.8565
2.85571
2.85493
2.85414
2.85336
2.85257
2.85179
2.851
2.85022
2.84943
2.84865
2.84786
2.84708
2.84629
2.8455
2.84472
2.84393
2.84315
2.84236
2.84158
2.84079
2.84001
2.83922
2.83844
2.83765
2.83686
2.83608
2.83529
2.83451
2.83372
2.83294
2.83215
2.83137
2.83058
2.8298
2.82901
2.82823
2.82744
2.82665
2.82587
2.82508
2.8243
2.82351
2.82273
2.82194
2.82116
2.82037
2.81959
2.8188
2.81802
2.81723
2.81644
2.81566
2.81487
2.81409
2.8133
2.81252
2.81173
2.81095
2.81016
2.80938
2.80859
2.80781
2.80702
2.80623
2.80545
2.80466
2.80388
2.80309
2.80231
2.80152
2.80074
2.79995
2.79917
2.79838
2.7976
2.79681
2.79602
2.79524
2.79445
2.79367
2.79288
2.7921
2.79131
2.79053
2.78974
2.78896
2.78817
2.78738
2.7866
2.78581
2.78503
2.78424
2.78346
2.78267
2.78189
2.7811
2.78032
2.77953
2.77875
2.77796
2.77717
2.77639
2.7756
2.77482
2.77403
2.77325
2.77246
2.77168
2.77089
2.77011
2.76932
2.76853
2.76775
2.76696
2.76618
2.76539
2.76461
2.76382
2.76304
2.76225
2.76147
2.76068
2.7599
2.75911
2.75832
2.75754
2.75675
2.75597
2.75518
2.7544
2.75361
2.75283
2.75204
2.75126
2.75047
2.74968
2.7489
2.74812
2.74733
2.74654
2.74576
2.74497
2.74419
2.7434
2.74262
2.74183
2.74105
2.74026
2.73948
2.73869
2.7379
2.73712
2.73634
2.73555
2.73476
2.73398
2.73319
2.73241
2.73162
2.73084
2.73005
2.72926
2.72848
2.72769
2.72691
2.72612
2.72534
2.72455
2.72377
2.72298
2.7222
2.72141
2.72063
2.71984
2.71905
2.71827
2.71748
2.7167
2.71591
2.71513
2.71434
2.71356
2.71277
2.71199
2.7112
2.71042
2.70963
2.70884
2.70806
2.70727
2.70649
2.7057
2.70492
2.70413
2.70335
2.70256
2.70178
2.70099
2.70021
2.69942
2.69863
2.69785
2.69706
2.69628
2.69549
2.69471
2.69392
2.69314
2.69235
2.69157
2.69078
2.68999
2.68921
2.68842
2.68764
2.68685
2.68607
2.68528
2.6845
2.68371
2.68293
2.68214
2.68136
2.68057
2.67979
2.679
2.67821
2.67743
2.67664
2.67586
2.67507
2.67429
2.6735
2.67272
2.67193
2.67115
2.67036
2.66958
2.66879
2.668
2.66722
2.66643
2.66565
2.66486
2.66408
2.66329
2.66251
2.66172
2.66093
2.66015
2.65936
2.65858
2.65779
2.65701
2.65622
2.65544
2.65465
2.65387
2.65308
2.6523
2.65151
2.65073
2.64994
2.64915
2.64837
2.64758
2.6468
2.64601
2.64523
2.64444
2.64366
2.64287
2.64208
2.6413
2.64052
2.63973
2.63894
2.63816
2.63737
2.63659
2.6358
2.63502
2.63423
2.63345
2.63266
2.63188
2.63109
2.6303
2.62952
2.62873
2.62795
2.62716
2.62638
2.62559
2.62481
2.62402
2.62324
2.62245
2.62167
2.62088
2.62009
2.61931
2.61852
2.61774
2.61695
2.61617
2.61538
2.6146
2.61381
2.61303
2.61224
2.61146
2.61067
2.60988
2.6091
2.60831
2.60753
2.60674
2.60596
2.60517
2.60439
2.6036
2.60282
2.60203
2.60125
2.60046
2.59967
2.59889
2.5981
2.59732
2.59653
2.59575
2.59496
2.59418
2.59339
2.59261
2.59182
2.59103
2.59025
2.58946
2.58868
2.58789
2.58711
2.58632
2.58554
2.58475
2.58397
2.58318
2.5824
2.58161
2.58082
2.58004
2.57925
2.57847
2.57768
2.5769
2.57611
2.57533
2.57454
2.57376
2.57297
2.57219
2.5714
2.57061
2.56983
2.56904
2.56826
2.56747
2.56669
2.5659
2.56511
2.56433
2.56355
2.56276
2.56197
2.56119
2.5604
2.55962
2.55883
2.55805
2.55726
2.55648
2.55569
2.55491
2.55412
2.55334
2.55255
2.55176
2.55098
2.55019
2.54941
2.54862
2.54784
2.54705
2.54627
2.54548
2.5447
2.54391
2.54312
2.54234
2.54155
2.54077
2.53998
2.5392
2.53841
2.53763
2.53684
2.53606
2.53527
2.53449
2.5337
2.53292
2.53213
2.53134
2.53056
2.52977
2.52899
2.5282
2.52742
2.52663
2.52585
2.52506
2.52428
2.52349
2.5227
2.52192
2.52113
2.52035
2.51956
2.51878
2.51799
2.51721
2.51642
2.51564
2.51485
2.51407
2.51328
2.51249
2.51171
2.51092
2.51014
2.50935
2.50857
2.50778
2.507
2.50621
2.50543
2.50464
2.50386
2.50307
2.50228
2.5015
2.50071
2.49993
2.49914
2.49836
2.49757
2.49679
2.496
2.49522
2.49443
2.49364
2.49286
2.49207
2.49129
2.4905
2.48972
2.48893
2.48815
2.48736
2.48658
2.48579
2.48501
2.48422
2.48343
2.48265
2.48186
2.48108
2.48029
2.47951
2.47872
2.47794
2.47715
2.47637
2.47558
2.47479
2.47401
2.47322
2.47244
2.47165
2.47087
2.47008
2.4693
2.46851
2.46773
2.46694
2.46616
2.46537
2.46458
2.4638
2.46301
2.46223
2.46144
2.46066
2.45987
2.45909
2.4583
2.45752
2.45673
2.45595
2.45516
2.45438
2.45359
2.4528
2.45202
2.45123
2.45045
2.44966
2.44888
2.44809
2.44731
2.44652
2.44574
2.44495
2.44416
2.44338
2.44259
2.44181
2.44102
2.44024
2.43945
2.43867
2.43788
2.4371
2.43631
2.43553
2.43474
2.43395
2.43317
2.43238
2.4316
2.43081
2.43003
2.42924
2.42846
2.42767
2.42689
2.4261
2.42532
2.42453
2.42374
2.42296
2.42217
2.42139
2.4206
2.41982
2.41903
2.41825
2.41746
2.41668
2.41589
2.4151
2.41432
2.41353
2.41275
2.41196
2.41118
2.41039
2.40961
2.40882
2.40804
2.40725
2.40647
2.40568
2.40489
2.40411
2.40332
2.40254
2.40175
2.40097
2.40018
2.3994
2.39861
2.39783
2.39704
2.39626
2.39547
2.39468
2.3939
2.39311
2.39233
2.39154
2.39076
2.38997
2.38919
2.3884
2.38762
2.38683
2.38604
2.38526
2.38447
2.38369
2.3829
2.38212
2.38133
2.38055
2.37976
2.37898
2.37819
2.37741
2.37662
2.37583
2.37505
2.37426
2.37348
2.37269
2.37191
2.37112
2.37034
2.36955
2.36877
2.36798
2.3672
2.36641
2.36562
2.36484
2.36405
2.36328
2.36248
2.3617
2.36091
2.36012
2.35934
2.35856
2.35777
2.35699
2.3562
2.35541
2.35463
2.35384
2.35306
2.35227
2.35149
2.3507
2.34992
2.34913
2.34835
2.34756
2.34678
2.34599
2.3452
2.34442
2.34363
2.34285
2.34206
2.34128
2.34049
2.33971
2.33892
2.33814
2.33735
2.33656
2.33578
2.335
2.33421
2.33342
2.33264
2.33185
2.33107
2.33028
2.3295
2.32871
2.32792
2.32714
2.32636
2.32557
2.32478
2.324
2.32321
2.32243
2.32164
2.32086
2.32007
2.31929
2.3185
2.31771
2.31693
2.31614
2.31536
2.31457
2.31379
2.313
2.31222
2.31143
2.31065
2.30986
2.30908
2.30829
2.3075
2.30672
2.30594
2.30515
2.30436
2.30358
2.30279
2.30201
2.30122
2.30044
2.29965
2.29887
2.29808
2.2973
2.29651
2.29572
2.29494
2.29415
2.29337
2.29258
2.2918
2.29101
2.29023
2.28944
2.28866
2.28787
2.28708
2.2863
2.28551
2.28473
2.28394
2.28316
2.28237
2.28159
2.2808
2.28002
2.27923
2.27844
2.27766
2.27687
2.27609
2.2753
2.27452
2.27373
2.27295
2.27216
2.27138
2.27059
2.26981
2.26902
2.26824
2.26745
2.26666
2.26588
2.26509
2.26431
2.26352
2.26274
2.26195
2.26117
2.26038
2.2596
2.25881
2.25803
2.25724
2.25645
2.25567
2.25488
2.2541
2.25331
2.25253
2.25174
2.25096
2.25017
2.24939
2.2486
2.24781
2.24703
2.24624
2.24546
2.24467
2.24389
2.2431
2.24232
2.24153
2.24075
2.23996
2.23918
2.23839
2.2376
2.23682
2.23603
2.23525
2.23446
2.23368
2.23289
2.23211
2.23132
2.23053
2.22975
2.22897
2.22818
2.22739
2.22661
2.22582
2.22504
2.22425
2.22347
2.22268
2.2219
2.22111
2.22033
2.21954
2.21875
2.21797
2.21718
2.2164
2.21561
2.21483
2.21404
2.21326
2.21247
2.21169
2.2109
2.21012
2.20933
2.20854
2.20776
2.20697
2.20619
2.2054
2.20462
2.20383
2.20305
2.20226
2.20148
2.20069
2.1999
2.19912
2.19833
2.19755
2.19676
2.19598
2.19519
2.19441
2.19362
2.19284
2.19205
2.19127
2.19048
2.18969
2.18891
2.18812
2.18734
2.18656
2.18577
2.18498
2.1842
2.18341
2.18263
2.18184
2.18106
2.18027
2.17949
2.1787
2.17791
2.17713
2.17634
2.17556
2.17478
2.17398
2.1732
2.17242
2.17163
2.17085
2.17006
2.16927
2.16849
2.16771
2.16692
2.16613
2.16536
2.16456
2.16378
2.16302
2.16222
2.1614
2.1606
2.15984
2.15906
2.15827
2.15749
2.15671
2.15592
2.15513
2.15435
2.15356
2.15278
2.152
2.15121
2.15042
2.14964
2.14885
2.14807
2.14728
2.14649
2.14571
2.14493
2.14414
2.14335
2.14257
2.14178
2.141
2.14021
2.13943
2.13864
2.13786
2.13707
2.13629
2.1355
2.13471
2.13393
2.13314
2.13236
2.13158
2.13079
2.13
2.12922
2.12843
2.12765
2.12686
2.12608
2.12529
2.12451
2.12372
2.12293
2.12215
2.12136
2.12058
2.11979
2.11901
2.11822
2.11744
2.11665
2.11587
2.11508
2.1143
2.11351
2.11273
2.11194
2.11115
2.11037
2.10958
2.1088
2.10801
2.10723
2.10644
2.10566
2.10487
2.10409
2.1033
2.10252
2.10173
2.10094
2.10016
2.09937
2.09859
2.0978
2.09702
2.09623
2.09545
2.09466
2.09387
2.09309
2.0923
2.09152
2.09073
2.08995
2.08916
2.08838
2.08759
2.08681
2.08602
2.08523
2.08445
2.08367
2.08288
2.08209
2.08131
2.08052
2.07974
2.07895
2.07817
2.07738
2.0766
2.07581
2.07503
2.07424
2.07345
2.07267
2.07188
2.0711
2.07031
2.06953
2.06874
2.06796
2.06717
2.06639
2.0656
2.06482
2.06403
2.06324
2.06246
2.06167
2.06089
2.0601
2.05932
2.05853
2.05775
2.05696
2.05618
2.05539
2.05461
2.05382
2.05303
2.05225
2.05146
2.05068
2.04989
2.04911
2.04832
2.04754
2.04675
2.04597
2.04518
2.0444
2.04361
2.04282
2.04204
2.04125
2.04047
2.03968
2.0389
2.03811
2.03733
2.03654
2.03576
2.03497
2.03418
2.0334
2.03261
2.03183
2.03104
2.03026
2.02947
2.02869
2.0279
2.02712
2.02633
2.02555
2.02476
2.02397
2.02319
2.0224
2.02162
2.02083
2.02005
2.01926
2.01848
2.01769
2.01691
2.01612
2.01533
2.01455
2.01376
2.01298
2.01219
2.01141
2.01062
2.00984
2.00905
2.00827
2.00748
2.0067
2.00591
2.00512
2.00434
2.00356
2.00277
2.00198
2.0012
2.00041
1.99963
1.99884
1.99806
1.99727
1.99649
1.9957
1.99491
1.99413
1.99334
1.99256
1.99177
1.99099
1.9902
1.98942
1.98863
1.98785
1.98706
1.98627
1.98549
1.9847
1.98392
1.98313
1.98235
1.98156
1.98078
1.97999
1.97921
1.97842
1.97764
1.97685
1.97606
1.97528
1.97449
1.97371
1.97292
1.97214
1.97135
1.97057
1.96978
1.96899
1.96821
1.96743
1.96664
1.96586
1.96507
1.96428
1.96351
1.96272
1.96192
1.96116
1.96036
1.95959
1.95876
1.958
1.95722
1.95642
1.95565
1.95486
1.95407
1.95329
1.9525
1.95171
1.95094
1.95014
1.94936
1.94858
1.94779
1.947
1.94622
1.94543
1.94465
1.94387
1.94308
1.94229
1.94151
1.94072
1.93993
1.93915
1.93836
1.93758
1.9368
1.93601
1.93522
1.93444
1.93365
1.93287
1.93208
1.9313
1.93051
1.92973
1.92894
1.92816
1.92737
1.92658
1.9258
1.92501
1.92423
1.92344
1.92266
1.92187
1.92109
1.9203
1.91951
1.91873
1.91794
1.91716
1.91637
1.91559
1.9148
1.91402
1.91323
1.91245
1.91166
1.91087
1.91009
1.9093
1.90852
1.90773
1.90695
1.90616
1.90538
1.90459
1.90381
1.90302
1.90224
1.90145
1.90067
1.89988
1.8991
1.89831
1.89752
1.89674
1.89595
1.89517
1.89438
1.8936
1.89281
1.89203
1.89124
1.89046
1.88967
1.88888
1.8881
1.88731
1.88653
1.88574
1.88496
1.88417
1.88339
1.8826
1.88181
1.88103
1.88025
1.87946
1.87867
1.87789
1.8771
1.87632
1.87553
1.87475
1.87396
1.87318
1.87239
1.87161
1.87082
1.87003
1.86925
1.86846
1.86768
1.86689
1.86611
1.86532
1.86454
1.86375
1.86297
1.86218
1.8614
1.86061
1.85982
1.85904
1.85825
1.85747
1.85668
1.8559
1.85511
1.85433
1.85354
1.85276
1.85197
1.85119
1.8504
1.84962
1.84883
1.84804
1.84726
1.84647
1.84569
1.8449
1.84412
1.84333
1.84255
1.84176
1.84097
1.84019
1.8394
1.83862
1.83783
1.83705
1.83626
1.83548
1.83469
1.8339
1.83312
1.83233
1.83155
1.83077
1.82998
1.82919
1.82841
1.82762
1.82684
1.82605
1.82527
1.82448
1.8237
1.82291
1.82213
1.82134
1.82055
1.81977
1.81898
1.8182
1.81741
1.81663
1.81584
1.81506
1.81427
1.81349
1.8127
1.81192
1.81113
1.81034
1.80956
1.80877
1.80799
1.8072
1.80642
1.80563
1.80485
1.80406
1.80328
1.80249
1.80171
1.80092
1.80013
1.79935
1.79856
1.79778
1.79699
1.79621
1.79542
1.79464
1.79385
1.79307
1.79228
1.79149
1.79071
1.78992
1.78914
1.78836
1.78757
1.78678
1.786
1.78521
1.78443
1.78364
1.78285
1.78207
1.78128
1.7805
1.77971
1.77893
1.77814
1.77736
1.77657
1.77579
1.775
1.77422
1.77343
1.77264
1.77186
1.77107
1.77029
1.7695
1.76872
1.76793
1.76715
1.76636
1.76558
1.76479
1.764
1.76322
1.76244
1.76165
1.76086
1.76008
1.75929
1.7585
1.75772
1.75694
1.75615
1.75536
1.75458
1.7538
1.75301
1.75222
1.75144
1.75065
1.74987
1.74908
1.7483
1.74751
1.74673
1.74594
1.74516
1.74437
1.74358
1.7428
1.74201
1.74123
1.74044
1.73966
1.73887
1.73809
1.7373
1.73652
1.73573
1.73495
1.73416
1.73338
1.73259
1.7318
1.73102
1.73023
1.72945
1.72866
1.72788
1.72709
1.72631
1.72552
1.72473
1.72395
1.72316
1.72238
1.72159
1.72081
1.72002
1.71924
1.71845
1.71767
1.71688
1.7161
1.71531
1.71452
1.71374
1.71295
1.71217
1.71138
1.7106
1.70981
1.70903
1.70824
1.70746
1.70667
1.70588
1.7051
1.70432
1.70353
1.70274
1.70196
1.70117
1.70039
1.6996
1.69882
1.69803
1.69725
1.69646
1.69568
1.69489
1.69411
1.69332
1.69253
1.69175
1.69096
1.69018
1.68939
1.68861
1.68782
1.68704
1.68625
1.68547
1.68468
1.68389
1.68311
1.68232
1.68154
1.68075
1.67997
1.67918
1.6784
1.67761
1.67683
1.67604
1.67526
1.67447
1.67368
1.6729
1.67211
1.67133
1.67054
1.66976
1.66897
1.66819
1.6674
1.66662
1.66583
1.66504
1.66426
1.66347
1.66269
1.6619
1.66112
1.66033
1.65955
1.65876
1.65798
1.65719
1.6564
1.65562
1.65483
1.65405
1.65326
1.65248
1.65169
1.65091
1.65012
1.64934
1.64855
1.64777
1.64698
1.6462
1.64541
1.64462
1.64384
1.64305
1.64227
1.64148
1.6407
1.63991
1.63913
1.63834
1.63756
1.63677
1.63599
1.6352
1.63441
1.63363
1.63284
1.63206
1.63127
1.63049
1.6297
1.62892
1.62813
1.62735
1.62656
1.62577
1.62499
1.6242
1.62342
1.62263
1.62185
1.62106
1.62028
1.61949
1.61871
1.61792
1.61714
1.61635
1.61556
1.61478
1.61399
1.61321
1.61242
1.61164
1.61085
1.61007
1.60928
1.6085
1.60771
1.60692
1.60614
1.60535
1.60457
1.60378
1.603
1.60221
1.60143
1.60064
1.59986
1.59907
1.59829
1.5975
1.59671
1.59593
1.59514
1.59436
1.59357
1.59279
1.592
1.59122
1.59043
1.58965
1.58886
1.58808
1.58729
1.5865
1.58571
1.58493
1.58415
1.58336
1.58258
1.58179
1.58101
1.58022
1.57943
1.57865
1.57786
1.57708
1.5763
1.57551
1.57472
1.57394
1.57315
1.57237
1.57158
1.5708
